78
71
3516
77
10236
1247
483
1446
560
782
1929
53
4087
64
52
2895
1751
426
73
497
72
1464
2804
78
56
1385
69
211
12245
72
66
1028
5462
278
63
583
6762
1639
859
5759
1875
239
52
89
521
67
73
929
2022
7322
1450
7567
67
491
694
223
5534
1052
2828
61
62
64
13050
78
409
1564
1696
1940
1764
59
70
3601
2364
104
64
3093
4634
1213
4501
68
12485
73
1542
73
1311
1851
337
69
600
24917
1874
73
5508
1889
80
1127
678
82
117
9034
259
518
976
14812
688
130
295
93
2969
223
486
3043
1092
2096
76
269
1055
1669
66
4571
69
1185
1076
90
76
355
867
77
329
160
66
1413
739
64
78
73
6635
9765
2200
70
1256
959
477
80
57
71
61
547
101
756
147
479
72
728
862
20720
170
1954
56
1480
1808
1139
1467
71
827
670
883
469
2714
754
626
77
77
260
1040
311
11177
213
77
350
193
10437
637
655
70
68
849
76
60
539
835
58
1444
7246
230
2008
355
2134
78
2204
436
111
355
2277
1263
75
2967
3055
794
1333
50
2883
953
73
60
2083
375
693
77
267
655
71
57
849
56
2174
15071
414
1255
59
1234
1360
3233
712
5104
9155
668
1714
5459
475
720
1883
1778
1180
881
736
25111
5181
10279
4679
3990
2107
3147
678
1133
71
10771
489
150
76
8460
173
2087
4661
832
2841
6419
5222
636
8204
2030
1113
1903
86
266
4030
9559
75
815
2915
76
2606
79
1526
71
3039
2036
84
279
135
2461
2372
6123
2087
9216
1063
289
1657
103
1244
245
1352
956
487
593
72
4007
1037
4301
1913
164
2455
593
4571
541
3201
895
598
1497
1775
4835
779
2067
589
233
9382
70
1154
3670
4064
4153
309
570
1094
90
3011
4199
635
19748
3096
808
2081
740
1463
1704
1329
2827
1254
1029
1854
62
69
4901
616
2194
208
1043
1712
3159
2077
4147
683
802
12717
883
759
69
2303
1164
2516
553
295
960
1565
54
2194
8451
1114
6167
3432
1496
1501
6363
74
62
679
1322
101
285
5408
8913
57
16761
654
1741
523
1901
7428
826
4344
85
1442
3282
1293
1127
223
297
980
872
319
3723
207
1367
823
96
1497
11565
1312
230
62
6032
972
771
5638
60
228
65
4947
1204
2792
4733
1323
2388
1648
1109
2214
926
3116
2822
3436
780
727
183
594
193
12375
444
188
2540
515
1058
89
71
80
1045
783
5865
58
584
1137
2952
6950
3557
2560
1263
1743
6421
1370
248
63
186
788
5728
3934
1465
92
7271
4568
3194
2617
1662
10079
367
3072
2560
839
856
7911
373
2368
525
635
589
94
56
10921
1478
9909
2233
2126
170
76
81
642
598
86
733
83
4507
6887
5146
6441
284
76
666
683
392
84
1746
1285
263
1067
944
3582
18179
2493
218
3863
134
6955
1289
76
489
5323
8398
18676
16607
866
9493
737
191
2843
2902
7676
34645
11298
5472
1048
717
4854
27828
2507
2368
8452
120
130
86
71
692
151
185
6588
4253
1259
1670
1998
1244
2318
12693
173
61
2435
79
512
2982
1811
757
2797
1668
12509
296
51
2462
1712
280
3022
760
225
1250
5570
84
73
894
2095
17586
6718
26051
2133
25685
795
8238
2744
1382
515
764
2695
300
84
67
56
13304
611
1101
13856
7799
113
9179
4978
517
9218
664
74
422
70
5571
961
727
6079
1188
1209
1632
72
2062
1519
637
5182
951
1466
3978
1094
5064
14095
685
479
5881
3180
990
917
89
88
788
67
3850
229
70
83
5934
5633
19210
675
2763
1019
6135
4637
6831
318
3633
1441
971
4341
6347
959
1953
70
13177
83
3081
224
2020
19921
78
4144
20284
85
2919
3477
629
1945
269
1138
73
81
1778
693
875
459
620
522
869
2069
1067
1955
151
544
60
900
741
78
6115
87
68
2471
160
1426
9332
3090
118
2330
13946
85
2411
1012
1360
1209
9988
13412
88
122
2004
1644
76
152
3534
133
8824
2486
19793
19699
2185
78
701
10042
78
631
75
1355
9947
83
10602
6850
770
2739
13662
503
337
713
82
1333
734
145
1083
118
2915
822
2974
10418
15899
1055
14723
439
1674
3393
728
1219
1762
1082
84
236
1702
1866
1649
10377
360
227
891
967
14857
2293
290
1004
14852
175
790
173
2869
665
6837
700
1252
2232
72
2051
180
83
19785
252
744
5283
73
61
1675
254
375
5678
77
3243
2893
709
76
3553
1367
5670
2010
2883
84
2764
239
297
81
1675
5869
13728
1138
2325
948
553
3886
7229
2894
11399
4698
2240
230
3769
1103
25595
1135
5024
83
72
126
8566
2660
1089
1058
1262
1500
232
155
17453
16035
1872
2165
1128
20804
80
2070
7416
25981
87
83
584
2631
933
849
968
2668
27221
82
816
3170
79
16002
617
1057
79
1078
900
85
1799
257
7677
3182
642
1233
9304
73
2211
116
660
16353
56
131
396
8755
1137
77
1289
1130
615
11160
83
462
11440
1312
488
2901
2583
2080
9064
1502
5549
5851
5758
8110
1620
1142
1781
3725
1275
3577
5187
1497
1249
399
3651
3568
1393
4992
344
1080
1901
58
1502
234
598
126
3161
4729
4822
6964
533
1243
813
1206
68
11898
1897
6719
91
79
88
1812
3549
282
73
2316
9903
1113
1244
493
3010
72
80
4165
500
2707
566
1368
272
1332
740
80
910
2833
1365
164
2829
576
2129
330
3488
341
371
11549
880
483
54
6797
1353
79
2839
74
1695
165
71
2917
610
81
461
31321
57
12520
2970
1112
701
7624
247
790
1007
2071
1069
482
2315
2101
437
1898
7447
6544
617
1802
705
1407
71
2635
815
1074
876
696
9502
2662
570
2678
2461
77
489
9971
1148
477
1291
179
992
1695
3095
60
2262
934
2228
966
1394
416
2388
2189
177
215
754
70
71
8289
183
500
367
1281
624
51
79
77
239
82
1159
1042
10638
542
7683
2807
6857
1820
468
2202
1340
3012
3796
535
75
2462
1004
386
4838
15662
8256
209
75
4379
13712
1083
1202
180
2913
2057
3354
13918
2329
5544
8755
728
693
4624
1477
65
2483
1922
3416
1198
3907
105
293
5908
187
388
2666
775
97
208
5957
1338
74
2921
9064
463
661
131
580
5816
8280
690
12778
14319
1167
56
11526
287
25781
1175
8574
1067
1365
6270
4751
6008
96
21447
2405
121
917
74
64
3218
3871
119
5406
28627
5728
824
3132
52
1820
1305
1154
742
64
196
8392
55
953
958
76
1300
4199
477
77
53
912
249
67
587
2698
3639
3464
4051
631
8617
163
10536
6745
90
447
83
2297
271
96
92
51
59
4236
1136
61
390
60
658
156
493
712
77
203
89
1451
169
105
366
11664
73
344
3226
50
84
86
84
61
5386
593
2047
12090
71
76
3004
3485
107
5887
991
9616
73
2684
275
4168
93
4789
1103
13796
874
137
114
97
2658
54
5292
1188
9396
77
5873
445
13248
2949
204
9633
3615
2016
726
446
889
284
386
286
5766
120
2125
2912
2126
53
361
98
2130
173
140
187
1124
1212
54
222
925
65
85
946
52
1104
139
258
65
666
1201
95
459
6254
1131
113
13445
5914
842
270
107
9115
2222
142
1091
4565
77
66
1041
3215
2632
3511
74
87
57
895
1000
444
2096
66
1145
96
1107
6606
4606
69
3103
8264
992
180
636
1170
2477
113
67
72
1407
12870
64
1405
92
183
211
345
1112
76
3534
6899
1417
112
5556
2618
53
568
4057
1195
785
34379
126
2895
4494
54
8479
74
1177
1320
207
236
76
4979
503
794
2129
1065
1694
348
77
61
580
1104
5253
3521
3700
67
67
9093
72
9997
4044
52
156
4110
752
61
80
63
86
67
340
58
14315
56
4664
795
778
948
74
13141
7046
77
89
818
133
144
10155
160
3058
64
31974
84
145
56
94
3536
765
189
22687
87
546
300
6185
1329
118
4723
2639
31903
801
6230
3918
1176
782
1210
6437
99
77
139
452
88
66
136
597
62
54
65
2397
63
1397
74
86
1070
3017
2198
68
870
57
1255
73
55
6624
10501
518
111
660
311
3650
328
70
115
2057
71
61
3636
822
1079
4124
5076
24576
