2837
615
4279
3793
13545
0
2023
764
592
0
0
0
672
0
1700
1247
4224
0
0
2034
900
4420
3009
4182
571
3333
7904
3896
446
6103
0
1488
0
2119
0
0
0
13937
6973
7917
886
0
1092
2128
0
1641
699
0
0
2432
0
0
0
5289
371
18495
0
308
1709
327
19686
3613
25733
0
849
1103
3710
14159
559
2209
775
18493
13239
0
0
2577
3277
6215
1030
1959
2358
0
8436
0
0
358
2002
1009
990
1887
0
9735
0
0
1276
2305
11735
2277
0
1763
8695
945
0
392
3225
0
0
0
1767
3288
19304
3150
0
0
0
0
739
527
0
0
8802
1289
8075
6880
1038
985
814
1254
22821
0
0
3504
543
1964
4719
0
9124
1956
0
0
1766
423
0
15956
5695
1164
508
1759
3255
2243
363
1079
7388
6771
217
1256
4579
967
0
13330
1721
0
2604
997
2683
576
1198
9823
1947
476
724
0
9877
175
783
0
0
26689
0
2116
1657
0
528
0
9300
4957
0
1992
799
0
1339
2649
3008
629
1634
1176
12279
0
813
15582
724
0
796
2087
361
2738
19892
14930
9109
1935
1059
1160
0
3712
1043
206
3464
485
2413
0
1027
16964
1537
1285
2636
3363
958
1112
311
7559
0
699
1129
15379
0
0
1317
0
1262
0
124838
4861
704
727
2465
0
1875
0
8086
7666
0
0
1951
0
6381
2378
1160
186
522
5777
0
4402
266
3447
2214
0
0
6981
0
572
0
0
0
0
0
375
7269
17736
30298
5252
3022
2558
0
3231
1766
108555
294
0
1492
3453
417
1571
2257
0
0
891
6565
9802
977
8236
1619
3215
0
1690
5160
689
0
1064
5469
0
948
20969
0
1437
0
0
0
0
0
1051
2221
1160
2068
322
0
1074
1063
0
1754
1881
0
4355
1212
1506
0
0
3956
929
992
1096
1947
10666
2813
0
0
203
1175
1103
602
0
0
3492
0
9860
2667
3579
0
1355
11045
3403
3845
15113
887
14111
957
649
1258
0
0
410
385
0
11342
0
1523
554
0
514
0
1949
1447
675
2619
0
38507
0
811
4557
505
5828
0
764
654
0
5740
6890
743
11551
642
2805
691
4106
13503
0
2784
9835
4297
691
1123
1457
733
1017
2181
1253
44913
0
11525
2045
0
339
5423
5328
0
2520
14071
594
44000
11471
0
1016
0
1928
336
0
0
19541
0
2153
477
1091
0
0
0
3799
3398
0
1091
8977
1302
0
3197
0
2374
7416
0
671
533
274
0
336
4361
1084
1930
380
674
770
1991
372
607
2284
15500
0
0
0
2790
560
1345
0
822
1455
6091
9770
0
12844
0
782
5119
9264
679
1809
5556
570
0
722
1892
1783
1631
966
1158
25112
5265
10280
1204
4748
3991
2204
3154
2916
2266
1135
10783
18256
2601
670
8461
415
2106
4737
874
13015
6548
5276
774
8210
2110
1131
1995
768
1077
4133
9630
660
934
5451
465
2682
2371
1558
1996
3138
2136
3503
556
846
379
2592
2460
6237
2332
1958
0
9217
6424
200
1058
366
1668
386
1473
569
1453
1187
863
1058
840
1014
4080
3765
4404
1997
952
2456
688
0
4674
0
0
626
3288
963
662
1680
1168
4040
4914
955
2944
1318
1258
236
0
0
1278
1637
1874
9415
2113
1225
3810
6579
3295
4269
5124
1698
1095
0
2536
3088
4201
1262
0
21558
0
3417
1588
7365
1529
0
846
1554
1706
0
1868
3017
1255
1031
1930
1703
3238
1090
323
4987
1525
2308
2256
0
6948
6872
3173
2114
4891
863
0
0
686
2266
836
12719
2242
883
950
1598
2564
1306
2583
104
682
1253
3246
3388
1654
0
6013
640
2320
8549
1128
6168
3506
2350
1569
1590
6366
1223
434
2475
1406
1614
1171
6707
9232
18766
17683
1294
0
477
0
360
669
1742
634
2197
10632
982
4553
801
0
1539
3283
1362
1425
0
1403
1867
2536
1078
1925
1337
3869
0
727
1607
973
0
2698
2174
44092
2981
997
1300
9069
2092
2950
13931
3186
689
0
4650
4262
5035
1301
8484
0
4856
1412
2692
1784
1194
3883
996
3251
5150
1043
0
0
621
0
3549
10245
829
0
1482
900
0
3167
12499
1514
1921
2687
4056
1067
4935
720
1519
1152
880
0
8906
463
1146
1872
1525
1141
2956
0
11349
3575
4400
0
2258
1803
6545
0
1462
3255
0
490
3975
727
1698
5810
4096
3574
883
7512
0
20978
0
3590
0
3071
1839
10712
368
3146
0
0
2671
1274
5906
640
7980
469
5034
1252
663
3650
212
1706
12299
8919
9923
2296
3252
0
1252
2447
0
3677
527
1463
13434
470
599
8712
3523
2704
4508
0
7087
8957
11685
285
1299
0
751
816
3049
0
2042
630
5904
4495
270
7322
1023
3583
19987
2519
0
1809
13426
1723
7175
1349
294
4736
0
6760
9668
18687
0
16626
2262
9565
3063
3788
4021
2903
9311
34792
11336
5548
718
1165
826
4934
0
27886
0
4102
2452
8470
745
751
457
16820
695
0
898
558
6603
9611
2151
3701
2011
1716
2335
12766
856
814
2626
2835
1914
3488
1355
1908
758
16215
0
1724
12510
6295
1407
28620
2536
681
3698
1080
1113
3037
838
726
0
2518
12193
1645
3756
993
0
2297
22638
715
6750
26052
2218
25771
992
8312
2867
2577
19969
782
8047
766
1382
1127
898
3311
13383
952
1246
14007
9499
6432
1808
9257
5087
590
9291
4881
628
1058
1865
5675
8573
728
0
6163
3025
0
1306
6406
3120
6210
1548
917
5271
974
4138
3980
1113
5963
15345
781
1144
6205
3260
1189
0
1261
0
0
0
607
9859
2585
0
954
413
4014
673
229
3491
838
0
6345
5712
29726
735
2764
6503
4109
6136
0
8722
0
469
6832
336
3759
0
3117
1068
4411
2433
12068
0
7186
2148
529
14307
2050
5784
1085
2022
19986
1075
4233
20314
1263
3041
0
11010
769
2211
960
1281
2585
1020
6202
1368
0
1271
0
764
1072
542
2301
2195
0
1743
12033
0
2064
2492
712
4337
770
892
5239
0
742
1144
6300
0
722
644
2562
6033
1521
9410
0
12474
908
3508
15391
1767
2412
1091
0
3239
1307
10054
1308
0
13685
2691
374
0
2019
0
1824
862
1660
1440
3666
1242
357
8918
2493
19873
19759
2330
604
706
11158
1293
0
1985
1471
3237
1458
10608
1010
10734
6978
805
2985
0
13761
2204
621
691
2457
270
2003
1582
1863
6728
866
3056
5782
3060
1391
10493
15900
1224
14867
830
1766
0
3413
1273
6132
10955
0
1926
1100
1210
0
395
3608
2016
1766
10771
3747
6656
892
0
0
2412
0
14891
2447
4061
7609
14933
4262
7454
3473
1178
0
2879
1144
6919
27411
1669
783
6197
754
0
2329
19139
1142
2131
0
984
1036
19843
0
985
844
5798
3262
0
1619
12622
367
486
5753
1029
3321
2975
885
10543
3642
1491
13433
2014
2884
1542
410
2906
0
2662
1998
809
1965
6285
13730
0
1251
2331
11919
559
9514
30739
1113
17280
0
0
2982
11488
5236
3086
3504
0
3917
1122
25596
1178
18283
0
508
1219
4387
0
0
8567
7138
1202
0
9475
0
1492
2465
8557
6448
1103
5414
458
49954
22910
2255
2246
4780
20853
599
4783
8908
29923
0
0
540
1442
687
6075
941
850
836
1062
5383
27304
4605
644
1406
1517
10434
1187
16009
0
715
1067
0
2534
0
1155
984
6346
1810
1987
8068
3258
4750
1305
9426
488
6712
746
1717
906
21062
388
0
2718
0
3906
8817
1341
98
15181
1382
0
1132
16155
1073
2522
3333
11525
4550
666
2981
386
6376
171
3360
9065
1666
5624
5931
6493
8111
6516
1573
1215
30022
3831
1374
0
10172
7423
4974
1322
853
3781
5812
2047
5112
813
5986
16016
701
1989
935
0
727
833
564
21552
3189
15856
5112
7137
291
1266
1269
296
1091
1486
0
379
339
0
11912
1158
0
2050
32598
1296
1317
4525
1813
5577
0
407
0
0
1394
2329
17391
1593
1363
0
509
198
3066
427
3927
803
4321
717
0
0
3545
1354
123
7868
895
6898
743
433
11733
4850
0
0
2189
2475
2926
672
6329
662
3509
1067
510
12365
658
0
2589
1808
934
6806
1501
3754
3959
1553
2045
2305
4050
6168
1858
642
1709
31322
1470
26116
13640
0
1113
920
1859
8186
512
288
1095
1344
3229
2850
1505
14742
8222
3421
2064
0
7525
6725
2958
1890
12973
1418
1111
10288
908
1691
1039
2476
714
849
21568
2751
1343
6523
7518
300
490
9972
1275
557
6348
872
1696
2146
7595
1186
0
0
10865
474
3120
1061
2386
967
3807
1497
1146
2771
2302
1681
0
0
10069
851
529
273
8381
2016
621
1663
2906
618
3249
787
0
22520
880
1976
322
787
12192
1427
24475
1020
2609
7769
8224
7449
1894
574
2594
3414
2632
3155
0
3881
690
889
4226
4909
2473
12489
15684
8560
805
350
4483
0
13804
1091
10414
494
0
3182
2357
3447
30972
6107
10624
8838
3154
349
893
6781
4143
3710
2509
40842
7011
2551
7303
2654
4079
1588
488
22464
1051
1274
5568
1402
828
1088
311
2490
15715
5469
3737
6488
12963
476
662
2692
682
7774
8547
0
0
0
0
0
2576
4955
0
12802
14405
0
6293
2760
11810
4998
557
4935
0
134
0
27755
514
1684
0
0
0
9503
1284
109
0
0
10325
0
0
4159
0
0
0
0
0
0
73
1166
0
0
0
0
0
6891
2096
0
0
0
729
8049
0
1379
1671
11368
0
2529
0
0
7983
0
4766
0
4300
14953
0
0
0
0
0
377
0
0
9687
2233
6649
196
11314
15821
0
0
898
0
0
0
4749
21448
0
3235
1188
1046
5054
0
0
0
0
8127
0
0
0
0
0
155
399
0
0
2537
0
0
0
2665
0
0
0
472
8916
0
0
0
83
8162
34007
0
9827
2885
3568
0
17447
1445
0
0
0
0
0
3910
146
458
0
5408
28740
0
0
0
0
937
1587
5824
0
1665
947
0
0
4681
24736
0
1276
5790
0
3404
1375
0
0
0
0
0
0
0
320
0
0
888
0
0
0
0
95818
0
0
0
0
10257
0
0
0
0
0
5048
0
0
1276
0
8465
107
102
5723
0
1536
0
4606
0
0
0
0
0
1254
0
537
0
0
0
0
1143
0
4300
0
0
0
619
2325
0
0
0
0
1512
1468
402
0
0
3107
8368
2421
2408
586
163056
2423
0
0
0
0
0
0
0
283
0
17279
0
0
40698
0
589
0
0
0
2379
0
0
5384
0
1624
0
4920
720
0
0
661
0
0
1573
0
28321
0
0
8757
228
318
3851
0
245
5141
0
9658
0
2110
0
8840
24252
0
178
190253
2550
20210
0
350
6990
12854
112
0
112849
1047
0
117
0
0
0
503
2403
169
32971
1409
180124
74139
137754
0
46057
63555
0
0
7307
0
0
0
0
66
0
0
5525
0
0
0
0
1656
1135
14585
0
0
56530
223
5008
1760
0
0
1191
7421
0
27242
0
0
2552
409
954
0
0
0
8043
115
0
0
880
908
0
4572
0
1484
0
2064
0
0
0
0
0
1649
32607
10614
0
6441
0
3864
0
0
787
1279
4446
0
0
0
0
0
14421
0
52712
100381
7201
0
156372
156326
9603
0
0
8575
220
882
484
0
393
11745
5302
2178
0
0
0
23652
6855
141
0
140894
418
493
0
584
7315
878
942
2976
14456
3258
443
4652
848
0
0
0
0
0
0
280
1145
0
538
0
1447
1147
0
0
106
0
2201
0
42626
0
2892
474
64552
142
32009
816
0
1685
23387
2311
0
601
4715
3091
0
0
0
883
0
10075
218
0
10005
4827
1118
207
0
0
0
0
0
5336
0
12318
0
0
1030
0
2908
0
2389
4495
743
3909
297
0
0
0
988
0
0
0
1222
0
3596
0
0
1127
5715
0
0
1343
0
1525
0
0
12011
0
933
0
9654
4942
3591
0
3010
1298
90
0
0
0
7838
0
0
75
0
23567
0
0
0
158878
4536
0
1013
0
0
45966
265
5944
9617
5653
125718
0
0
0
0
2698
0
0
0
0
193
1601
5474
0
1617
0
0
0
1059
0
1735
179
2955
0
0
0
0
0
8394
855
421
0
0
0
0
0
41132
0
2856
0
0
0
4308
2380
0
105
12320
6281
0
8557
0
1105
3983
1329
348196
1241
0
1120
0
0
0
0
179692
1091
22319
0
0
0
0
7000
2225
105850
79727
0
1555
16595
885
292
968
0
2561
6763
0
1178
5148
0
0
0
0
99
12800
328
0
1491
0
0
5676
412
4021
0
547
0
0
1574
0
3545
1271
11726
2195
1459
12240
496
5874
576
1156
0
7076
17167
203
1313
1332
284
0
0
0
10652
17899
0
0
0
0
0
3967
1610
0
0
0
1508
1187
0
2167
0
0
693
301
10634
0
0
19486
0
251
0
3676
2205
599
0
0
0
3616
0
632
0
0
4937
0
0
0
0
0
0
1808
978
261
0
579
228
0
8556
0
313
30883
0
0
0
0
0
1692
46712
0
660
62318
0
7998
0
0
826
0
189850
4266
0
0
0
0
1686
255
0
71
10672
0
0
0
0
491
4157
3099
0
0
0
146
0
361
0
0
802
779
0
0
145843
0
5257
913
28342
0
0
0
2730
0
731
17422
0
0
212
0
159
12389
2246
0
0
0
0
2261
0
0
0
0
661
0
0
0
417
1173
3848
0
0
0
0
2817
0
0
852
0
263
596
0
2488
0
2158
10160
0
246
87
121
690
0
0
0
0
0
0
162
0
705
521
10912
107121
1202
0
382
100
0
1670
1292
2402
0
126
75
6211
0
410
0
0
1807
17033
0
0
0
0
0
0
0
453
0
1918
0
757
7954
0
69
2003
3698
17944
0
0
0
0
6592
0
0
2738
5870
16320
0
300
0
4170
13218
0
1938
0
12697
2527
0
0
903
0
299
5736
4076
0
1251
1361
0
52
1887
0
663
0
28932
0
2015
0
0
657
0
138
203
10524
2247
0
2190
0
0
0
583
1376
39995
0
0
6283
3291
0
1677
0
0
2499
5007
0
0
0
0
13446
0
4571
8014
0
2212
0
0
0
0
148
0
628
0
15620
0
0
0
0
0
0
6015
843
0
0
1059
0
279653
5926
0
0
0
0
0
0
0
2613
81120
6127
237539
0
187570
68276
0
16337
0
3520
75779
0
14705
17143
0
0
16016
0
1724
1185
39975
0
1900
0
0
0
1151
4625
1938
658
0
1562
0
4385
0
365
0
0
38370
0
0
10317
0
109
2726
0
11352
201
0
0
0
0
800
482
0
0
1643
0
1653
86914
61
17181
3712
0
2503
7914
5600
0
3713
454
0
5619
1059
0
0
0
989
0
0
5106
0
0
0
15115
0
831
0
0
0
327
1127
1669
0
0
5084
6628
10291
199
0
0
0
0
0
0
0
4859
0
2786
0
0
0
593
2831
1291
1051
0
0
0
397
1225
0
0
140
0
0
1593
6714
0
0
0
122
4682
0
129
0
6620
55
50647
2883
0
0
324
0
2101
1473
1413
222
232
0
0
0
0
5020
381
568
2025
8343
0
4929
0
1181
1032
0
0
0
170
0
1818
0
72819
8680
15404
2651
0
0
1345
0
0
0
0
0
0
3647
0
0
1612
0
0
0
0
2244
637
0
1172
0
126
0
2144
0
0
0
5763
34561
0
0
4459
575
0
111
0
0
0
1709
0
0
4333
300
0
2976
0
0
0
887
631
0
4810
0
6931
1491
547
0
76
18033
1542
1592
0
315
3698
0
0
437
0
140292
5408
0
615
0
0
3822
1635
0
0
0
0
0
788
0
416
0
17268
0
0
142
0
0
0
0
2139
1230
1591
0
1343
0
0
0
2543
0
0
6540
0
0
2321
0
0
1776
1218
0
0
2229
0
5351
20118
1857
0
0
0
0
5578
2670
9988
0
0
4638
84706
0
1699
5627
0
0
413
0
1966
0
2342
0
1032
124
0
18851
0
0
5119
0
0
0
0
5304
0
811
0
93
1227
0
5878
4067
5008
1456
7161
161
0
388351
93
0
0
6676
453
0
0
1051
1912
0
0
291
5512
916
0
0
0
0
0
0
0
0
0
1220
0
34453
0
0
197
8445
0
4696
0
0
115
0
0
0
8740
0
0
0
679
1250
118389
2517
2528
7295
0
62681
1100
0
0
7158
0
0
0
0
5030
0
3805
0
0
0
12618
0
342
0
757
0
3511
124
554
0
3229
6030
1217
6574
402
1782
0
0
1449
869
3532
0
272
38337
0
430
10103
0
403
0
1889
0
0
920
75
1519
0
1711
0
793
14901
0
2222
0
0
1708
26405
364
0
1215
0
5613
39782
3593
0
7873
431
5798
306
0
388
0
57
0
0
851
0
0
18413
4069
32934
0
0
0
0
0
1949
0
0
0
224
0
4596
1303
0
417
11424
0
68
279
0
178475
0
6037
0
5532
0
17036
1478
0
0
68936
0
0
0
0
4521
2941
10667
10801
50553
64064
1346
13908
3047
110112
34972
0
4588
0
0
0
0
949
0
97084
5527
0
0
0
0
0
705
0
13756
194975
2883
13629
0
2653
1569
0
0
3072
0
0
0
0
0
0
290
0
0
441
2366
0
0
0
0
100
0
0
2804
29641
0
14317
130350
0
0
72850
144
6391
8348
1981
0
930
0
1898
0
0
0
0
1046
0
0
283
0
13247
0
0
0
7309
0
0
0
0
3761
1030
0
733
888
0
0
0
1733
3440
176503
0
0
0
255469
49456
0
3154
0
0
10156
6877
0
5532
4035
2574
614
71
0
0
555
532
0
3565
0
952
0
0
284
0
0
1752
0
0
0
780
0
0
1322
0
0
0
0
0
24948
0
0
25526
0
63
32042
2270
0
0
0
0
0
0
4796
4744
3285
0
0
0
0
0
342
0
0
0
0
993
67
0
0
0
0
0
2512
0
0
1185
3617
371
849
0
0
0
32005
10618
0
0
0
23132
285
0
27707
0
0
0
0
0
97
0
0
162
0
0
0
0
2284
3399
2508
0
0
0
230
0
535
0
203681
70
0
660
0
242
457
0
6303
6003
0
0
0
0
9721
0
0
824
37941
13372
0
2732
0
32018
871
913
0
239
27407
0
3924
0
0
0
0
2839
4097
0
0
1373
0
0
0
0
2868
2513
563
0
0
0
0
1263
0
2032
1221
0
3703
0
0
11595
486
0
6484
0
0
0
0
4281
0
0
0
905
0
0
0
4734
17560
0
0
89967
0
1064
10501
0
3874
5682
326
0
0
0
0
22385
0
0
259
0
0
4615
1884
0
41982
0
3349
0
527
42841
0
0
873
0
0
16800
0
0
8174
0
0
2575
419
0
0
2679
2511
778
1605
13739
12087
0
84908
0
0
0
1548
209
0
5072
822
1239
0
0
0
4512
3193
2473
32139
0
0
0
1107
131279
0
0
0
1324
12499
107
709
0
19654
0
3612
1137
0
146
6645
15494
0
4230
2727
747
406
70
0
7762
0
0
486
0
0
0
1512
0
0
0
0
19381
0
14562
0
597
0
233
0
0
1895
938
0
0
0
2612
668
0
456
0
0
503
0
0
433
0
0
3769
8397
327
0
0
2976
2221
0
1168
28245
0
0
8325
607
0
0
0
0
0
0
0
3914
4240
5140
0
0
0
24577
287191
54
229
0
0
0
0
0
21274
0
0
