403
7
183
177
108
254
1850
118
2440
2838
95
24
3295
10898
6103
87
118
8
601
1589
4
5
314
1523
316
9
724
8648
268
1312
87
10983
826
164
167
80
5767
25
1367
111
240
1
134
93
69
279
79
2657
15941
404
222
154
5183
334
6
198
628
11
4
2579
6193
192
507
10885
147
322
347
149
1457
7
63
175
676
2657
88
138
765
175
80
230
513
962
209
226
146
953
10186
6494
454
1423
5401
96
7021
358
383
753
438
40
231
8898
192
90
359
13524
14
288
159
1404
7357
3106
172
130
3916
285
1420
1902
3
11005
20460
2140
648
2242
90
36337
12
8
750
82
858
758
94
2
270
80
136
304
100
18
392
2540
358
698
150
1195
1538
84
74
8843
3
2877
606
12
96
114
1291
123
1340
17364
131
2605
1064
4261
89
113
8
2652
3112
1467
342
927
8833
1209
182
3657
234
12618
38987
447
190
133
25
93
1189
1358
1305
451
3888
1013
78
20
1061
844
89
330
123
1
464
102
4652
1325
12032
83
88
96
82
6
451
83
410
83
68
83
70
73
10
94
1994
242
75
89
127
53
138
80
91
751
96
70
110
1696
75
5
98
75
278
211
130
84
111
78
1987
76
3
137
95
76
217
414
196
73
80
83
461
95
5
84
66
59
1
175
2130
79
171
87
92
152
71
82
2514
103
4166
1101
501
73
1
1808
280
721
483
72
88
1
338
93
75
22
72
493
113
1724
1622
5131
1
473
78
3
1
1329
123
9
204
74
67
106
1686
2421
89
1770
104
83
73
73
85
597
364
81
341
878
87
15542
920
111
177
3198
96
132
220
844
2068
94
1047
997
94
123
239
132
1880
201
2771
430
624
83
1119
160
5627
3
2581
20
87
88
118
83
279
96
85
1543
69
80
2047
72
5295
80
165
889
67
85
1256
147
3486
4439
106
96
2353
15
918
4393
17
77
226
85
90
764
14
89
806
81
144
1
91
68
6495
82
451
148
611
74
110
76
2378
68
87
646
92
98
968
1367
5533
13
1126
803
678
3
2599
1
77
65
139
5
85
125
1632
3
2874
103
2
101
77
1583
4
1474
8937
263
219
19
29
1615
1408
1269
19
70
71
292
199
1622
72
117
74
79
22
145
76
213
598
11082
624
278
5299
121
191
6
451
73
447
137
1367
470
86
258
56
314
225
64
87
743
77
104
1212
6623
1
2095
99
94
90
83
86
172
73
71
1113
19396
1
4244
948
4
4
79
116
100
74
1660
109
73
73
173
614
104
7468
83
1834
81
4740
758
1
279
79
2671
83
1149
21
610
281
80
197
82
124
6705
81
206
18
220
12
79
69
1573
59
3130
4085
56
670
93
68
5721
4649
85
935
54
176
472
88
1
87
132
84
73
584
105
6
3
3545
260
117
414
1
84
675
81
1463
167
24
1054
138
315
90
4453
93
77
9359
473
271
1443
77
78
66
90
1731
135
168
3
169
86
1014
76
80
60
127
1095
105
1013
102
1
68
123
133
98
1685
115
1621
470
652
1576
5432
445
4323
84
71
155
143
225
84
543
3493
84
1125
133
1904
149
117
3355
6358
148
82
3652
80
1352
6614
986
1
478
81
81
118
91
68
409
604
9
81
69
434
11
2
10946
113
96
74
1
77
81
163
4848
89
80
85
532
96
1671
171
7
318
1
104
4878
9633
5934
71
69
98
779
3251
136
1
13187
5
2387
4456
111
1896
1
4759
3753
4518
25339
5242
122
77
156
1
5
2694
116
424
103
3443
75
2646
82
86
905
2
6
71
7
717
71
81
5230
11
84
75
312
68
120
3951
288
245
369
13
551
3136
61
87
20
13892
108
128
82
2853
84
895
175
78
72
163
75
80
82
99
9613
89
80
5091
1247
3477
72
341
129
2018
78
56
81
4906
4664
701
104
656
11127
284
142
706
13
115
273
17
13
130
8749
181
1486
85
125
7470
86
92
815
5
278
565
4948
6
944
1135
824
437
96
83
4199
141
87
121
792
131
1325
21
116
135
156
3237
1226
5
525
19
96
4947
146
76
87
309
504
1212
816
9366
6032
6
130
76
180
715
88
2036
4902
92
601
1417
10
87
728
4914
4
103
79
2627
685
347
5856
77
13
852
107
76
2412
108
327
77
7053
80
91
272
92
1028
1954
121
12847
82
10890
324
13755
122
67
5413
514
62
92
290
82
107
76
154
14
1212
73
992
7649
303
80
78
86
8649
67
172
290
89
17053
1330
5065
83
246
110
1296
2351
100
82
147
141
159
187
16555
365
155
2800
107
459
147
7557
4128
203
3560
3376
2380
91
170
252
1863
85
4527
2205
277
193
133
304
171
8624
1706
78
558
300
1662
88
7
27387
96
15
27
112
68
88
1542
5172
2685
1165
201
9323
4000
1077
73
1058
188
691
688
142
38
108
1792
5152
2
75
351
980
3868
212
81
5559
1405
94
10298
9674
244
10265
421
360
58
1105
104847
11305
934
23684
3070
97
11226
2943
218
19167
153
6416
1159
25238
1498
100057
1427
72
1700
22922
995
13847
16378
196
4689
655
201
211
797
101
82
299
220
89
12082
3222
617
2
84
71
297
922
4
366
1975
89
619
3916
2701
241
60
179
570
4486
89
30471
262
95
1855
2019
145
62
24897
90
314
113
2088
507
311
3102
79
5069
103
5531
3006
3978
85
2637
2185
663
262
87
2556
992
1728
6032
2108
2371
82
1831
73618
7218
11849
33975
60
1
1409
7451
6330
120
21440
6351
80
4053
269
79
331
120
876
97
82
76
1830
77
78
3463
1
21539
2744
1
82
5093
1000
187
32
2273
3588
81
95
2960
3693
4106
4109
70
15335
2672
220
1820
1336
73
74
24
3715
182
60
198
15
73
7159
4156
4793
1656
1811
106
460
1170
1426
3
428
7535
485
110
354
67
3491
10374
174
151
1411
1965
6169
41973
346
1453
49010
68878
29034
10155
7
1666
11452
3521
3528
140
92
90
262
11
896
684
3105
9574
499
22
67
1592
4377
47
632
78
80
7087
130
59304
107
104
83
128
7259
402
92
92
74
98
5
66
776
50507
814
2546
1206
15573
944
30727
2982
667
10630
139
1
78
114
119
172
259
2644
159
28657
7
1057
72
4981
3326
2124
75
93
4077
119
12
15880
10707
7
1237
132
1397
87
112
63
