2356
544
763
3709
3126
599
1
1814
51
118
483
549
144
63
373
1019
1026
619
367
896
289
247
10
258
1879
13172
777
1028
1958
49
13
834
105
748
112
2254
289
4
2430
281
546
377
683
1813
213
190
4344
34
1049
1700
140
2669
112
3046
83
64
643
923
1184
9573
2798
123
396
444
991
1200
353
1470
3184
738
1348
13
680
36
15
899
670
1648
386
503
5855
8
1
9043
8
1692
12
455
3279
2106
1703
1296
810
141
1976
54
83
146
13515
22
1400
1447
482
2866
57
222
1696
5023
1
450
7483
71
74
186
1237
2
658
1121
5606
219
1875
2920
121
109
63
1701
200
1749
55
5015
491
302
96
73
912
2952
654
30
1199
72138
3384
1500
822
8505
1436
76
4255
116
990
4471
6
113
1747
14
1000
9
7
9
1791
921
970
8801
392
550
704
263
2953
1275
891
21
206
3
51
19
437
202
1086
10706
43
1297
5758
586
3827
6814
7230
14
1857
625
10
3145
1087
7485
3015
47
1175
488
400
46
1411
9
190
519
2046
7969
32
462
261
16565
11
404
2381
10
265
4396
212
2852
16
203
259
20
1091
21
99
23
89
299
119
79
5212
100
15
26
11
7
1
13
2
3
5
2
12
1
1
1
1
1
14
7
2168
1060
1064
2
17673
457
594
1
19
1
42
10085
2
1
6
18
1
682
60
7
1
585
9
840
389
1
2287
32
1925
1
25
472
289
33
1
4
3
167
1
3374
1
8
146
229
229
25
14
157
51
942
2728
23
1
327
1
98
1
21
9
63
8
135
5
790
637
893
33
2043
58
1
13
649
27
1
1945
4
2
626
2
41
59
4801
34
3
1
201
97
1
2
1
3154
1021
14
416
1
324
4283
29
13
37
271
102
31
1
30
1
1520
57
68
23
1265
7
4189
22
15
14
1
1
4
3
552
8
1796
3
1172
8
1299
232
3167
2
15
1
119
6
156
209
716
1
1
56
800
171
4
6
21
52
397
1
18
722
476
29756
1239
143
1238
2954
1
2019
2666
626
1841
4177
1
9
5692
5
6
25
40
126
1
55
281
41
4170
22
1134
306
2085
57
985
477
55
9
407
649
1439
1
1
688
390
23
4
4
6
1
1763
769
60
39
2
2243
3898
452
104
1
18
2108
700
173
9915
314
3
29
22
1
1
359
2672
1
9
2666
81
28
2969
20
682
11
1908
1
63
279
2371
446
143
1
8623
191
2620
1
123
3746
5105
1
1218
8
18
543
1284
3107
5
6154
2
1
225
22
117
626
1326
1
41
189
2632
29
1
11
1326
1
2034
3398
1178
1
13
147
38
4
35
1
36
1450
8
18
412
23
371
5667
3
123
95
15
59
771
1840
7
21
17
236
753
54
2756
35
36
11
1
13160
1
5685
1131
10
1899
57
15
1
397
56
1560
1588
108
4962
32
1
2
25
1
52
82
58
17
1108
134
1043
827
3251
225
145
51
1626
4659
78
4044
554
22
1795
144
1
1
3
16
34
3048
3390
28
1
10
23
1
2
19
816
101
75
55
43
2
262
394
3066
85
140
146
224
3409
755
332
10
8943
1
1
2354
1
1
18
70
1006
4
2
1578
110
459
195
1967
2649
685
2
65
525
1
30
1177
35
7401
56
193
107
38
2506
936
879
415
279
305
38
19
1432
42
1
28
878
1
686
3285
1
1066
47
320
576
1
1420
2
1
25
317
907
2
1682
1
2
1879
20
183
872
117
15
12
783
1339
46
95
18
7
18
526
5
21
1215
735
2149
1
660
927
64
5
35
113
1
16
239
123
188
200
196
142
213
303
141
637
2
4
1
14
1
166
8
20
2
6243
80
18
1
26
2
1
394
32
71
1
1297
34
72
119
6605
1
2735
50
19
9
1
1
2
4827
6
1070
12
395
349
49
652
31
81
3178
1556
1
15
1
951
1
1
13
5619
44
7678
4
1
926
46
752
1530
728
283
98
1
9
6
6093
6
17220
4117
17
20
440
67
23
12
18
1
43
72
420
1147
1874
1
22
2
6521
229
2298
2463
741
7162
1633
261
4
3496
48
514
19
1492
3826
29
1359
1
8
1
19
69
1
562
615
6359
1106
1
27
3
1738
6
3
1031
11
1719
307
1
3796
4
2
415
550
1313
1
4340
319
2036
374
1
117
1
144
389
4913
2439
18
1
2343
3
2
3721
1280
1
1
653
1
4797
73
18628
17
19
1504
989
1
113
1
226
576
64
388
9451
643
487
25
51
28
6
31
27
13
163
7
254
1
23
17130
1024
1238
2951
1
1943
1321
13
18
480
33
16
56
355
3847
156
125
23
783
6222
58
618
3
347
9879
882
1874
1
13
1
191
21
639
18
24
1578
859
9
148
3675
1004
1479
215
1984
3979
14
22
556
723
1
1394
13500
5723
1
73
486
41
218
28
654
569
207
3061
89
2978
36
2
1
1626
10232
11
1040
2751
1
16
183
8
12066
2
45
3845
143
219
1
1
24
1
2430
8
357
44
7693
401
6
20
82
1
1
622
56
36
1504
2801
17
459
202
1
1561
29
268
14
42
9622
801
1899
1
705
143
61
82
356
19
4
78
12
14
102
1210
36
9
1
800
552
3832
1095
2
22
1
516
275
26
6
8
563
247
97
10
4
1
2448
15
2180
90
861
315
3645
26
529
3805
1309
31
1324
8
1
499
731
102
520
272
733
2201
3
3460
7
523
13
1
181
11
1788
15
23
24
1
599
499
7
77
1841
205
758
634
14
7
15
563
244
1
2349
754
1660
391
6556
254
24
2
1
28
35
7
19512
1285
934
20
192
984
3
423
2
676
748
26
4131
1
554
179
710
396
243
6
2191
1596
48
74
129
13791
1
2499
179
60
48
33
75181
62742
45072
39812
1
423
3298
1675
913
7417
100
1134
168
831
122
7280
915
56100
7043
27
9
3529
386
32
1156
390
18076
6925
2834
8757
2579
17
672
115
1837
24
2604
1731
22
1
1544
182
28775
140
9005
3151
8439
11
84
557
159
2486
45
18
382
2241
419
1
92
3
5002
248
1001
1
10
2320
5
29
26
112
2137
8697
13
42
3069
3392
2279
319
3
1841
9662
6686
1
1088
85
11488
13249
8634
1496
3047
787
449
143
1863
7302
54
367
33504
29
52
15
1
19
1
512
113845
4
3072
5858
60
580
2910
29878
772
94
7721
1579
65387
10773
14
53
118
611
196
26
79
21
26
1344
87
2
275
4
1
1
10545
462
165
814
2
70
478
191
1242
23
362
23
1515
46
9526
55
417
1
898
2579
23
1
4630
58
47
1835
20
1
63
590
54202
2795
1
2073
5828
148
2257
2731
4083
85
93
353
7305
643
1
6
5
682
784
7972
23667
1
16
28
10815
26807
65
736
1482
41154
5875
3515
26
798
18131
2
2814
156
135
980
6
209
16
1
3673
45
231
202
39738
1
2414
8
1666
1
3120
222
239
267
3
4
24729
315
144290
7
53
35
8264
30564
8247
1
23
38
21079
1
87
1184
11
47
30
39383
111
7503
4388
6746
804
10658
305
152
6105
39
355
130
1474
9
50
4
16
29427
78
102565
62
11369
19
21
12
386
492
12
2
35
39
1430
3386
1798
155
1314
1
2
2
4
1
1
