0
764
0
0
0
672
0
1247
0
0
2034
3333
7904
446
6103
0
1488
0
2119
0
0
0
6973
0
2128
0
0
0
0
0
0
18495
0
19686
0
13239
0
0
1030
2358
0
0
0
0
9735
0
0
2277
0
945
0
392
3225
0
0
0
3150
0
0
0
0
527
0
0
6880
814
0
0
0
0
0
0
508
2243
363
1079
7388
217
0
0
997
2683
1198
724
0
175
0
0
0
1657
0
0
0
799
0
1339
3008
629
0
813
724
0
361
2738
1059
0
1043
206
0
1027
1537
3363
958
1112
311
0
0
0
0
1262
0
124838
704
0
1875
0
0
0
0
2378
0
4402
0
0
0
0
0
0
0
0
7269
0
294
0
1492
417
2257
0
0
6565
977
8236
3215
0
0
0
0
1437
0
0
0
0
0
1051
1160
322
0
1063
0
1754
0
1212
0
0
929
1096
0
0
203
1175
602
0
0
0
2667
0
11045
3403
15113
14111
957
649
0
0
385
0
0
554
0
0
1949
1447
0
0
505
0
764
0
743
0
691
1123
1457
733
1017
44913
0
0
5328
0
0
0
0
0
0
1091
0
0
0
0
0
0
2374
7416
0
533
0
4361
1084
380
674
770
372
607
0
0
0
2790
0
0
0
782
0
1958
0
200
863
0
0
0
1168
1258
236
0
0
1637
1874
3295
0
0
0
1529
0
0
1703
0
0
0
686
2266
950
104
1253
0
640
2350
1294
0
477
0
360
0
1362
0
0
0
3186
0
0
1043
0
0
621
0
0
0
0
1872
0
0
0
0
0
0
0
0
0
640
0
0
3677
13434
470
0
0
0
0
0
0
718
0
0
0
1355
0
28620
681
1113
0
0
766
0
0
0
0
0
0
2585
0
229
0
4109
0
0
469
0
2433
0
0
0
0
0
12033
0
892
0
0
0
0
1308
0
0
0
1440
357
0
1985
0
621
1391
0
0
0
0
0
0
3473
0
27411
1669
754
0
19139
0
0
0
0
0
9514
0
0
0
0
0
0
0
0
2465
1103
458
0
0
836
4605
1406
0
0
0
746
0
0
0
1073
386
171
1573
0
0
564
291
296
0
379
0
1158
0
0
0
0
0
198
803
0
0
123
0
0
658
0
0
1859
512
0
1039
2146
1186
0
0
1497
0
0
2906
618
0
2609
3414
0
0
0
349
40842
7011
311
2490
0
0
0
0
0
4955
0
0
4998
4935
0
134
0
514
0
0
0
1284
109
0
0
0
0
4159
0
0
0
0
0
0
73
1166
0
0
0
0
0
6891
2096
0
0
0
729
8049
0
1671
11368
0
2529
0
0
0
0
4300
0
0
0
0
0
377
0
0
9687
2233
196
11314
15821
0
0
0
0
0
4749
0
3235
1188
1046
0
0
0
0
8127
0
0
0
0
0
155
399
0
0
0
0
0
0
0
0
8916
0
0
0
83
8162
0
9827
2885
0
17447
1445
0
0
0
0
0
458
0
0
0
0
0
937
1587
0
1665
0
0
0
1276
0
0
0
0
0
0
0
0
320
0
0
888
0
0
0
0
95818
0
0
0
0
0
0
0
0
0
0
0
0
107
102
5723
0
0
4606
0
0
0
0
0
1254
0
537
0
0
0
0
0
4300
0
0
0
619
0
0
0
0
402
0
0
3107
2421
2408
163056
0
0
0
0
0
0
0
283
0
17279
0
0
40698
0
589
0
0
0
2379
0
0
0
0
4920
0
0
0
0
0
28321
0
0
228
318
0
245
0
0
0
0
178
190253
2550
0
350
112
0
112849
0
117
0
0
0
169
32971
137754
0
0
0
0
0
0
0
66
0
0
5525
0
0
0
0
1135
0
0
56530
223
1760
0
0
7421
0
0
0
2552
954
0
0
0
115
0
0
0
4572
0
0
2064
0
0
0
0
0
1649
10614
0
6441
0
0
0
787
1279
4446
0
0
0
0
0
14421
0
52712
100381
7201
0
156372
9603
0
0
220
882
484
0
2178
0
0
0
6855
141
0
140894
418
493
0
584
7315
878
942
2976
14456
443
4652
848
0
0
0
0
0
0
280
1145
0
538
0
1447
1147
0
0
106
0
0
42626
0
2892
64552
142
816
0
1685
2311
0
601
4715
0
0
0
883
0
218
0
1118
207
0
0
0
0
0
5336
0
0
0
1030
0
2908
0
2389
4495
3909
297
0
0
0
0
0
0
1222
0
3596
0
0
1127
5715
0
0
0
1525
0
0
12011
0
933
0
9654
0
1298
90
0
0
0
0
0
75
0
23567
0
0
0
158878
4536
0
0
0
45966
265
5944
5653
125718
0
0
0
0
2698
0
0
0
0
193
1601
5474
0
0
0
0
1059
0
1735
179
0
0
0
0
0
8394
855
421
0
0
0
0
0
0
2856
0
0
0
2380
0
105
6281
0
0
3983
1329
348196
1241
0
1120
0
0
0
0
179692
1091
0
0
0
0
7000
2225
105850
79727
0
1555
16595
0
2561
6763
0
0
0
0
0
12800
328
0
1491
0
0
412
4021
0
547
0
0
1574
0
1271
2195
1459
12240
576
0
7076
203
1313
1332
284
0
0
0
17899
0
0
0
0
0
3967
1610
0
0
0
1508
1187
0
2167
0
0
301
0
0
19486
0
251
0
599
0
0
0
0
632
0
0
0
0
0
0
0
0
1808
261
0
579
228
0
8556
0
0
0
0
0
0
1692
46712
0
62318
0
0
0
826
0
189850
4266
0
0
0
0
1686
255
0
71
0
0
0
0
491
0
0
0
146
0
361
0
0
802
779
0
0
145843
0
913
0
0
0
0
17422
0
0
212
0
159
12389
0
0
0
0
0
0
0
0
661
0
0
0
417
1173
3848
0
0
0
0
2817
0
0
852
0
263
596
0
0
2158
0
246
87
121
690
0
0
0
0
0
0
162
0
705
521
107121
1202
0
382
100
0
1670
2402
0
126
75
0
0
0
1807
17033
0
0
0
0
0
0
0
453
0
1918
0
757
7954
0
69
2003
3698
0
0
0
0
6592
0
0
2738
5870
0
300
0
4170
13218
0
1938
0
0
0
903
0
299
0
1361
0
52
1887
0
0
28932
0
0
0
657
0
138
203
0
0
0
0
583
1376
0
0
0
1677
0
0
5007
0
0
0
0
0
4571
8014
0
2212
0
0
0
0
148
0
628
0
15620
0
0
0
0
0
0
0
0
1059
0
279653
5926
0
0
0
0
0
0
0
81120
6127
237539
0
68276
0
0
3520
75779
0
14705
0
0
0
1724
1185
0
1900
0
0
0
1938
0
1562
0
0
365
0
0
0
0
0
109
0
201
0
0
0
0
800
482
0
0
1643
0
61
3712
0
2503
7914
5600
0
3713
454
0
5619
1059
0
0
0
0
0
0
0
0
15115
0
0
0
0
327
1127
1669
0
0
5084
6628
10291
199
0
0
0
0
0
0
0
4859
0
0
0
0
2831
0
0
0
397
0
0
140
0
0
1593
0
0
0
122
0
129
0
6620
55
50647
2883
0
0
324
0
2101
1473
222
232
0
0
0
0
381
568
2025
0
4929
0
1181
1032
0
0
0
170
0
1818
0
72819
8680
15404
2651
0
0
0
0
0
0
0
0
0
0
1612
0
0
0
0
2244
0
0
126
0
2144
0
0
0
5763
0
0
4459
0
111
0
0
0
1709
0
0
4333
300
0
0
0
0
631
0
4810
0
6931
547
0
76
0
0
0
437
0
140292
5408
0
615
0
0
1635
0
0
0
0
0
0
416
0
17268
0
0
142
0
0
0
0
2139
0
1343
0
0
0
2543
0
0
0
0
2321
0
0
1776
1218
0
0
2229
0
5351
0
0
0
0
2670
9988
0
0
84706
0
1699
0
0
413
0
1966
0
2342
0
1032
124
0
0
0
5119
0
0
0
0
0
0
93
1227
0
4067
5008
1456
161
0
388351
93
0
0
6676
453
0
0
1051
1912
0
0
291
5512
0
0
0
0
0
0
0
0
0
1220
0
0
0
0
0
0
0
0
0
0
0
0
118389
2517
2528
7295
0
1100
0
0
0
0
0
0
0
0
0
0
0
342
0
0
124
554
0
3229
1217
402
0
0
1449
3532
0
272
38337
0
10103
0
403
0
1889
0
0
920
75
1519
0
1711
0
793
0
2222
0
0
26405
364
0
0
39782
0
431
5798
306
0
388
0
57
0
0
0
0
4069
0
0
0
0
0
1949
0
0
0
0
1303
0
417
0
68
279
0
178475
0
0
5532
0
1478
0
0
0
0
0
0
10667
10801
64064
1346
13908
3047
0
4588
0
0
0
0
949
0
97084
5527
0
0
0
0
0
705
0
194975
2883
13629
0
2653
1569
0
0
3072
0
0
0
0
0
0
290
0
0
441
2366
0
0
0
0
0
0
0
130350
0
0
72850
144
1981
0
0
0
0
0
0
0
0
0
0
0
0
0
0
0
0
0
733
888
0
0
0
176503
0
0
0
255469
0
3154
0
0
6877
0
5532
4035
614
71
0
0
555
532
0
0
952
0
0
284
0
0
0
0
0
780
0
0
1322
0
0
0
0
0
24948
0
0
25526
0
63
2270
0
0
0
0
0
0
3285
0
0
0
0
0
0
0
0
0
67
0
0
0
0
0
2512
0
0
1185
371
0
0
0
10618
0
0
0
285
0
27707
0
0
0
0
0
97
0
0
162
0
0
0
0
2284
3399
2508
0
0
0
230
0
535
0
70
0
0
242
0
6003
0
0
0
0
0
0
824
0
0
871
0
239
0
0
0
0
0
2839
4097
0
0
1373
0
0
0
0
2868
2513
563
0
0
0
0
0
0
3703
0
0
11595
486
0
0
0
0
0
4281
0
0
0
0
0
0
4734
17560
0
0
0
0
3874
326
0
0
0
0
0
0
259
0
0
4615
0
0
0
527
42841
0
0
0
0
0
0
8174
0
0
0
0
2679
2511
778
13739
12087
0
84908
0
0
0
0
5072
822
0
0
0
4512
0
0
0
0
0
0
107
709
0
19654
0
3612
1137
0
0
70
0
0
0
0
0
0
0
0
0
0
0
0
597
0
0
0
1895
938
0
0
0
668
0
456
0
0
503
0
0
433
0
0
8397
327
0
0
2976
0
28245
0
0
8325
607
0
0
0
0
0
0
0
3914
0
0
0
287191
54
229
0
0
0
0
0
21274
0
0
