52
54
55
57
61
63
66
67
68
69
70
70
71
71
73
75
75
75
76
83
87
90
93
93
97
98
99
100
100
102
104
105
106
107
107
109
109
111
112
115
115
117
121
122
123
124
124
126
126
129
134
138
140
141
142
142
144
146
146
146
148
155
159
161
162
162
169
170
171
175
178
179
186
193
196
197
198
199
200
201
203
203
203
206
207
209
212
212
217
218
220
222
223
224
228
228
229
229
230
232
233
236
239
242
245
246
251
255
259
261
263
265
266
270
270
272
273
274
279
280
283
283
284
284
285
285
288
290
291
291
292
294
294
296
297
299
300
300
300
301
306
308
311
311
313
315
318
320
322
322
323
324
326
327
327
327
328
336
336
336
339
339
342
342
349
350
350
357
358
360
361
361
363
364
365
366
367
368
371
371
372
374
375
377
379
379
380
381
382
385
386
386
388
388
392
393
395
397
399
402
402
403
406
407
409
410
410
410
412
413
413
415
416
417
417
417
418
419
421
423
427
430
431
433
433
434
437
441
443
446
453
453
454
456
457
457
458
458
463
465
469
469
470
472
474
474
476
476
477
477
482
484
485
486
486
486
488
488
490
490
491
493
494
496
503
503
505
508
508
509
510
512
514
514
521
522
527
527
527
528
529
529
532
533
535
537
538
540
542
543
547
547
554
554
555
556
557
557
558
559
559
560
563
564
568
569
570
571
572
574
575
576
576
579
583
584
586
589
590
592
593
594
596
597
599
599
599
601
602
604
607
607
607
614
615
615
618
619
621
621
621
626
628
628
629
630
631
632
634
637
640
640
642
642
644
644
649
654
657
658
658
660
660
660
661
661
662
662
662
663
663
666
668
669
670
671
672
672
673
674
675
679
679
681
682
682
686
687
688
689
689
690
690
691
691
691
693
695
699
699
701
704
705
705
706
709
712
714
715
715
717
718
720
720
722
722
724
724
726
727
727
727
727
728
729
731
733
733
735
739
742
743
743
743
745
746
747
751
751
754
757
757
758
764
764
764
766
768
769
770
770
774
775
778
779
780
781
782
782
783
783
787
787
787
788
793
796
799
800
801
802
803
805
805
809
811
811
813
813
814
814
816
816
822
822
824
826
826
828
829
830
831
833
836
836
838
838
840
843
844
846
846
848
849
849
849
850
851
851
852
853
855
856
862
863
863
866
869
871
872
873
874
878
880
880
880
882
883
883
883
885
885
886
887
887
888
888
889
891
892
892
893
895
898
898
898
900
900
903
905
906
908
908
908
913
913
916
917
920
920
929
930
933
934
934
935
937
938
941
942
945
947
948
949
950
952
952
952
954
954
955
957
958
960
963
966
967
967
968
973
974
977
978
982
984
984
985
985
988
989
990
992
992
993
993
996
997
997
1009
1010
1013
1014
1016
1017
1020
1020
1023
1027
1029
1030
1030
1030
1031
1032
1032
1036
1038
1039
1043
1043
1046
1046
1047
1051
1051
1051
1051
1058
1058
1058
1059
1059
1059
1059
1061
1062
1063
1064
1064
1067
1067
1067
1068
1072
1073
1074
1075
1077
1078
1079
1080
1084
1085
1088
1090
1091
1091
1091
1091
1091
1091
1092
1095
1095
1096
1100
1100
1103
1103
1103
1105
1107
1111
1112
1113
1113
1113
1113
1118
1120
1122
1123
1127
1127
1127
1128
1129
1131
1132
1135
1135
1137
1141
1142
1143
1144
1144
1144
1145
1146
1146
1147
1151
1152
1155
1156
1158
1158
1160
1160
1160
1164
1165
1166
1168
1168
1171
1172
1173
1175
1176
1178
1178
1178
1181
1185
1185
1186
1187
1187
1187
1188
1189
1191
1194
1198
1202
1202
1204
1210
1212
1215
1215
1217
1218
1219
1220
1221
1222
1223
1224
1225
1225
1227
1230
1239
1241
1242
1246
1247
1250
1251
1251
1252
1252
1253
1253
1254
1254
1255
1256
1258
1258
1261
1262
1262
1263
1263
1266
1269
1271
1271
1273
1274
1274
1275
1276
1276
1276
1278
1279
1281
1284
1285
1289
1291
1292
1293
1294
1296
1298
1299
1300
1301
1302
1303
1305
1306
1306
1307
1308
1313
1317
1317
1318
1322
1322
1324
1329
1332
1337
1339
1341
1343
1343
1343
1344
1345
1345
1346
1349
1354
1355
1355
1361
1362
1363
1368
1373
1374
1375
1376
1379
1382
1382
1391
1394
1402
1403
1406
1406
1407
1409
1412
1413
1418
1425
1427
1437
1440
1442
1445
1447
1447
1449
1453
1455
1456
1457
1458
1459
1462
1463
1468
1470
1471
1473
1473
1478
1482
1484
1486
1488
1491
1491
1491
1492
1492
1497
1501
1505
1506
1508
1512
1512
1514
1517
1519
1519
1521
1523
1525
1525
1525
1529
1536
1537
1539
1542
1542
1548
1548
1553
1554
1555
1558
1562
1569
1569
1571
1573
1573
1574
1582
1587
1588
1588
1590
1591
1592
1593
1593
1598
1601
1605
1607
1610
1612
1614
1617
1619
1619
1624
1631
1634
1635
1637
1641
1643
1645
1649
1653
1654
1656
1657
1660
1663
1665
1666
1668
1669
1669
1670
1671
1677
1680
1681
1684
1685
1686
1690
1691
1692
1696
1698
1698
1699
1700
1703
1706
1706
1708
1709
1709
1709
1711
1716
1717
1721
1723
1724
1724
1733
1735
1742
1743
1752
1754
1759
1760
1763
1766
1766
1766
1766
1767
1767
1776
1782
1783
1784
1803
1807
1808
1808
1808
1809
1809
1810
1813
1818
1824
1839
1857
1858
1859
1863
1865
1867
1868
1872
1874
1875
1881
1884
1887
1887
1889
1890
1892
1894
1895
1898
1900
1908
1912
1914
1918
1921
1925
1926
1928
1930
1930
1935
1938
1938
1947
1947
1949
1949
1951
1956
1958
1959
1964
1965
1966
1976
1981
1985
1987
1989
1991
1992
1995
1996
1997
1998
2002
2003
2003
2011
2014
2015
2016
2016
2019
2022
2023
2025
2032
2034
2042
2045
2045
2047
2050
2050
2064
2064
2064
2068
2087
2092
2096
2101
2106
2110
2110
2113
2114
2116
2119
2128
2131
2136
2139
2144
2146
2148
2151
2153
2158
2167
2174
2178
2181
2189
2190
2195
2195
2197
2201
2204
2204
2205
2209
2211
2212
2214
2218
2221
2221
2222
2225
2229
2233
2242
2243
2244
2246
2246
2247
2255
2256
2257
2258
2261
2262
2266
2266
2270
2277
2284
2284
2296
2297
2301
2302
2305
2305
2308
2311
2320
2321
2325
2329
2329
2330
2331
2332
2335
2342
2350
2357
2358
2366
2371
2374
2378
2379
2380
2386
2389
2402
2403
2408
2412
2412
2413
2421
2423
2432
2433
2447
2447
2452
2456
2457
2460
2465
2465
2473
2473
2475
2475
2476
2488
2490
2492
2493
2499
2503
2508
2509
2511
2512
2513
2517
2518
2519
2520
2522
2527
2528
2529
2534
2536
2536
2536
2537
2543
2550
2551
2552
2558
2561
2562
2564
2574
2575
2576
2577
2577
2583
2585
2585
2589
2592
2594
2601
2604
2609
2612
2613
2619
2626
2632
2636
2649
2651
2653
2654
2662
2665
2667
2670
2671
2679
2682
2683
2687
2691
2692
2692
2698
2698
2704
2718
2726
2727
2730
2732
2738
2738
2751
2760
2764
2771
2784
2786
2790
2804
2805
2813
2817
2831
2835
2837
2839
2850
2856
2867
2868
2879
2883
2883
2884
2885
2892
2903
2906
2906
2908
2916
2926
2941
2944
2950
2955
2956
2958
2975
2976
2976
2976
2981
2981
2982
2985
3008
3009
3010
3017
3022
3025
3037
3041
3047
3049
3056
3060
3063
3066
3071
3072
3086
3088
3091
3099
3107
3117
3120
3120
3138
3146
3150
3154
3154
3154
3155
3167
3173
3182
3186
3189
3193
3197
3215
3225
3229
3229
3231
3235
3237
3238
3239
3246
3249
3251
3252
3255
3255
3258
3258
3260
3262
3277
3283
3285
3288
3288
3291
3295
3311
3321
3333
3333
3349
3360
3363
3388
3398
3399
3403
3404
3413
3414
3417
3421
3440
3447
3447
3453
3464
3473
3488
3491
3492
3503
3504
3504
3506
3508
3509
3511
3520
3523
3532
3545
3545
3549
3565
3568
3574
3575
3579
3583
3590
3591
3593
3596
3608
3612
3613
3616
3617
3642
3647
3650
3666
3676
3677
3698
3698
3698
3701
3703
3710
3710
3712
3712
3713
3737
3747
3754
3756
3759
3761
3765
3769
3781
3788
3793
3799
3805
3807
3810
3822
3831
3845
3848
3851
3864
3869
3874
3881
3883
3896
3906
3909
3910
3914
3917
3924
3927
3956
3959
3967
3975
3980
3983
3991
4014
4021
4021
4035
4040
4050
4056
4061
4067
4069
4076
4079
4080
4096
4097
4102
4106
4109
4133
4138
4143
4157
4159
4170
4182
4201
4224
4226
4230
4233
4240
4262
4262
4266
4269
4279
4281
4297
4300
4300
4308
4321
4333
4337
4355
4361
4385
4387
4400
4402
4404
4411
4420
4446
4459
4483
4495
4495
4508
4512
4521
4525
4536
4550
4553
4557
4571
4572
4579
4588
4596
4605
4606
4615
4625
4638
4650
4652
4674
4681
4682
4696
4715
4719
4734
4736
4737
4744
4748
4749
4750
4766
4780
4783
4796
4810
4827
4850
4856
4859
4861
4881
4891
4909
4914
4920
4929
4934
4935
4935
4937
4942
4955
4957
4974
4987
4998
5007
5008
5008
5020
5030
5034
5035
5048
5054
5072
5084
5087
5106
5112
5112
5119
5119
5124
5140
5141
5148
5150
5160
5236
5239
5252
5257
5265
5271
5276
5289
5302
5304
5328
5336
5351
5383
5384
5408
5408
5414
5423
5451
5469
5469
5474
5512
5525
5527
5532
5532
5548
5556
5568
5577
5578
5600
5613
5619
5624
5627
5653
5675
5676
5682
5695
5712
5715
5723
5736
5740
5753
5763
5777
5782
5784
5790
5798
5798
5810
5812
5824
5828
5870
5874
5878
5904
5906
5926
5931
5944
5963
5986
6003
6013
6015
6030
6033
6037
6075
6091
6103
6107
6127
6132
6136
6163
6168
6168
6197
6202
6205
6210
6211
6215
6237
6281
6283
6285
6293
6295
6300
6303
6329
6345
6346
6348
6366
6376
6381
6391
6406
6424
6432
6441
6448
6484
6488
6493
6503
6516
6523
6540
6545
6548
6565
6574
6579
6592
6603
6620
6628
6645
6649
6656
6676
6707
6712
6714
6725
6728
6750
6760
6763
6771
6781
6806
6832
6855
6872
6877
6880
6890
6891
6898
6919
6931
6948
6973
6978
6981
6990
7000
7011
7076
7087
7137
7138
7158
7161
7175
7186
7201
7269
7295
7303
7307
7309
7315
7322
7365
7388
7416
7421
7423
7449
7454
7512
7518
7525
7559
7595
7609
7666
7762
7769
7774
7838
7868
7873
7904
7914
7917
7954
7980
7983
7998
8014
8043
8047
8049
8068
8075
8086
8111
8127
8162
8174
8186
8210
8222
8224
8236
8312
8325
8343
8348
8368
8381
8394
8397
8436
8445
8461
8465
8470
8484
8547
8549
8556
8557
8557
8560
8567
8573
8575
8680
8695
8712
8722
8740
8757
8802
8817
8838
8840
8906
8908
8916
8918
8919
8957
8977
9065
9069
9109
9124
9217
9232
9257
9264
9291
9300
9311
9410
9415
9426
9475
9499
9503
9514
9565
9603
9611
9617
9630
9654
9658
9668
9687
9721
9735
9770
9802
9823
9827
9835
9859
9860
9877
9923
9972
9988
10005
10054
10069
10075
10103
10156
10160
10172
10245
10257
10280
10288
10291
10317
10325
10414
10434
10493
10501
10524
10543
10608
10614
10618
10624
10632
10634
10652
10666
10667
10672
10712
10734
10771
10783
10801
10865
10912
10955
11010
11045
11158
11314
11336
11342
11349
11352
11368
11424
11471
11488
11525
11525
11551
11595
11685
11726
11733
11735
11745
11810
11912
11919
12011
12033
12068
12087
12192
12193
12240
12279
12299
12318
12320
12365
12389
12474
12489
12499
12499
12510
12618
12622
12697
12719
12766
12800
12802
12844
12854
12963
12973
13015
13218
13239
13247
13330
13372
13383
13426
13433
13434
13446
13503
13545
13629
13640
13685
13730
13739
13756
13761
13804
13908
13931
13937
14007
14071
14111
14159
14307
14317
14405
14421
14456
14562
14585
14705
14742
14867
14891
14901
14930
14933
14953
15113
15115
15181
15345
15379
15391
15404
15494
15500
15582
15620
15684
15715
15821
15856
15900
15956
16009
16016
16016
16155
16215
16320
16337
16595
16626
16800
16820
16964
17033
17036
17143
17167
17181
17268
17279
17280
17391
17422
17447
17560
17683
17736
17899
17944
18033
18256
18283
18413
18493
18495
18687
18766
18851
19139
19304
19381
19486
19541
19654
19686
19759
19843
19873
19892
19969
19986
19987
20118
20210
20314
20853
20969
20978
21062
21274
21448
21552
21558
21568
22319
22385
22464
22520
22638
22821
22910
23132
23387
23567
23652
24252
24475
24577
24736
24948
25112
25526
25596
25733
25771
26052
26116
26405
26689
27242
27304
27407
27411
27707
27755
27886
28245
28321
28342
28620
28740
28932
29641
29726
29923
30022
30298
30739
30883
30972
31322
32005
32009
32018
32042
32139
32598
32607
32934
32971
34007
34453
34561
34792
34972
37941
38337
38370
38507
39782
39975
39995
40698
40842
41132
41982
42626
42841
44000
44092
44913
45966
46057
46712
49456
49954
50553
50647
52712
56530
62318
62681
63555
64064
64552
68276
68936
72819
72850
74139
75779
79727
81120
84706
84908
86914
89967
95818
97084
100381
105850
107121
108555
110112
112849
118389
124838
125718
130350
131279
137754
140292
140894
145843
156326
156372
158878
163056
176503
178475
179692
180124
187570
189850
190253
194975
203681
237539
255469
279653
287191
348196
388351
