50
50
51
51
51
52
52
52
52
52
53
53
53
53
54
54
54
54
54
54
55
55
56
56
56
56
56
56
56
56
56
57
57
57
57
57
57
58
58
58
58
59
59
59
60
60
60
60
60
60
61
61
61
61
61
61
61
61
61
62
62
62
62
62
63
63
63
63
64
64
64
64
64
64
64
64
65
65
65
65
65
66
66
66
66
66
66
67
67
67
67
67
67
67
67
67
68
68
68
68
68
69
69
69
69
69
69
70
70
70
70
70
70
70
70
70
71
71
71
71
71
71
71
71
71
71
71
71
71
72
72
72
72
72
72
72
72
72
72
73
73
73
73
73
73
73
73
73
73
73
73
73
73
73
74
74
74
74
74
74
74
74
74
75
75
75
75
75
76
76
76
76
76
76
76
76
76
76
76
76
76
76
77
77
77
77
77
77
77
77
77
77
77
77
77
77
77
77
77
78
78
78
78
78
78
78
78
78
79
79
79
79
79
79
79
80
80
80
80
80
80
80
81
81
81
81
82
82
82
82
83
83
83
83
83
83
83
83
83
84
84
84
84
84
84
84
84
84
85
85
85
85
85
86
86
86
86
86
86
87
87
87
87
88
88
88
88
89
89
89
89
89
90
90
90
91
92
92
92
93
93
94
94
95
96
96
96
96
97
97
98
99
101
101
103
104
105
105
107
107
111
111
112
113
113
113
114
115
116
117
118
118
118
119
120
120
121
122
126
126
126
130
130
131
131
133
133
134
135
136
137
139
139
140
142
144
145
145
147
150
151
151
152
155
156
156
160
160
160
163
164
164
165
169
170
170
173
173
173
173
175
177
179
180
180
180
183
183
183
185
186
187
187
188
189
191
193
193
196
203
204
207
207
208
208
209
211
211
213
215
218
222
223
223
223
224
225
227
228
229
230
230
230
232
233
234
236
236
239
239
239
245
247
248
249
252
254
257
258
259
260
263
266
267
269
269
270
271
272
275
278
279
280
282
284
284
285
286
287
289
290
293
295
295
296
297
297
300
300
309
311
311
318
319
323
328
329
330
337
337
340
341
344
344
345
348
350
355
355
355
360
361
366
367
367
371
373
375
375
386
386
388
390
392
396
399
409
410
414
416
422
426
436
437
439
444
444
445
446
447
452
459
459
461
462
463
468
469
475
477
477
477
479
479
482
483
483
486
487
488
489
489
489
490
491
493
493
497
500
500
503
503
512
515
515
517
518
518
521
522
523
525
533
535
539
541
542
544
546
547
553
553
560
566
568
570
570
576
580
580
583
584
584
587
589
589
593
593
593
594
597
598
598
598
600
610
611
615
616
617
617
620
624
626
629
631
631
635
635
636
636
637
637
642
642
654
655
655
658
660
660
661
664
665
666
666
668
670
675
678
678
679
683
683
685
688
690
692
693
693
693
694
696
700
701
701
705
709
712
712
713
715
717
720
726
727
727
728
728
728
733
734
736
737
739
740
740
741
742
744
752
754
754
756
757
759
760
764
765
770
771
775
778
779
780
782
782
783
785
788
788
790
790
794
794
795
795
801
802
808
813
815
815
816
818
822
822
823
824
826
827
832
835
839
842
849
849
849
849
856
859
862
866
867
869
870
872
874
875
876
880
881
883
883
889
891
894
895
895
900
900
910
912
917
917
925
926
929
933
934
944
946
948
948
951
953
953
956
958
959
959
960
961
966
967
968
971
972
976
980
990
991
992
992
1000
1004
1004
1007
1012
1019
1028
1029
1037
1040
1041
1042
1043
1045
1048
1052
1055
1055
1057
1058
1058
1058
1063
1065
1067
1067
1067
1069
1070
1074
1076
1078
1079
1080
1082
1083
1083
1089
1091
1092
1094
1094
1101
1103
1103
1104
1104
1107
1109
1112
1112
1113
1113
1113
1114
1124
1127
1127
1128
1130
1131
1133
1135
1136
1137
1137
1138
1138
1139
1142
1145
1146
1148
1154
1154
1159
1164
1167
1170
1175
1176
1177
1180
1185
1188
1188
1195
1198
1201
1202
1204
1204
1206
1209
1209
1210
1212
1213
1219
1233
1234
1243
1244
1244
1244
1247
1249
1250
1252
1254
1255
1255
1256
1259
1262
1263
1263
1275
1281
1285
1289
1289
1291
1293
1300
1305
1311
1312
1312
1320
1322
1323
1329
1329
1332
1333
1333
1338
1340
1343
1352
1353
1355
1360
1360
1365
1365
1367
1367
1368
1370
1382
1385
1393
1394
1397
1405
1407
1407
1413
1417
1426
1441
1442
1444
1446
1450
1451
1463
1464
1465
1466
1467
1477
1478
1480
1496
1497
1497
1497
1500
1501
1502
1502
1519
1526
1542
1564
1565
1620
1632
1639
1644
1648
1649
1657
1662
1668
1669
1670
1674
1675
1675
1694
1695
1695
1696
1702
1704
1712
1712
1714
1741
1743
1746
1751
1762
1764
1775
1778
1778
1781
1799
1802
1808
1808
1811
1812
1820
1820
1851
1854
1857
1866
1872
1874
1875
1883
1889
1897
1898
1901
1901
1903
1913
1922
1929
1940
1945
1953
1954
1955
1998
2004
2008
2010
2016
2020
2022
2030
2036
2047
2051
2057
2057
2062
2067
2069
2070
2071
2077
2080
2081
2083
2087
2087
2095
2096
2096
2101
2107
2125
2126
2126
2129
2129
2130
2133
2134
2165
2174
2185
2189
2194
2194
2198
2200
2202
2204
2211
2214
2222
2228
2232
2233
2240
2262
2277
2293
2297
2303
2315
2316
2318
2325
2329
2330
2364
2368
2368
2372
2388
2388
2397
2405
2411
2435
2455
2461
2461
2462
2462
2471
2477
2483
2486
2493
2507
2516
2540
2560
2560
2583
2606
2617
2618
2631
2632
2635
2639
2658
2660
2662
2666
2668
2678
2684
2695
2698
2707
2714
2739
2744
2763
2764
2792
2797
2804
2807
2822
2827
2828
2829
2833
2839
2841
2843
2869
2883
2883
2893
2894
2895
2895
2901
2902
2912
2913
2915
2915
2917
2919
2921
2949
2952
2967
2969
2970
2974
2982
3004
3010
3011
3012
3017
3022
3039
3043
3049
3055
3058
3072
3081
3090
3093
3095
3096
3103
3116
3132
3147
3159
3161
3170
3180
3182
3194
3201
3215
3218
3226
3233
3243
3282
3354
3393
3416
3432
3436
3464
3477
3485
3488
3503
3511
3516
3521
3534
3534
3536
3549
3553
3557
3568
3577
3582
3601
3615
3633
3636
3639
3650
3651
3670
3700
3723
3725
3769
3796
3850
3863
3871
3886
3907
3918
3934
3978
3990
4007
4030
4044
4051
4057
4064
4087
4110
4124
4144
4147
4153
4165
4168
4199
4199
4236
4253
4301
4337
4341
4344
4379
4494
4501
4507
4565
4568
4571
4571
4596
4606
4624
4634
4637
4661
4664
4679
4698
4723
4729
4733
4751
4789
4822
4835
4838
4854
4901
4947
4978
4979
4992
5024
5064
5076
5104
5146
5181
5182
5187
5222
5253
5283
5292
5323
5386
5406
5408
5459
5462
5472
5508
5534
5544
5549
5556
5570
5571
5633
5638
5670
5678
5728
5728
5758
5759
5766
5816
5851
5865
5869
5873
5881
5887
5908
5914
5934
5957
6008
6032
6079
6115
6123
6132
6135
6167
6185
6230
6254
6270
6347
6363
6419
6421
6437
6441
6544
6588
6606
6624
6635
6718
6719
6745
6762
6797
6831
6837
6850
6857
6887
6899
6950
6955
6964
7046
7229
7246
7271
7322
7416
7428
7447
7567
7624
7676
7677
7683
7799
7911
8110
8204
8238
8256
8264
8280
8289
8392
8398
8451
8452
8460
8479
8566
8574
8617
8755
8755
8824
8913
9034
9064
9064
9093
9115
9155
9179
9216
9218
9304
9332
9382
9396
9493
9502
9559
9616
9633
9765
9903
9909
9947
9971
9988
9997
10042
10079
10155
10236
10279
10377
10418
10437
10501
10536
10602
10638
10771
10921
11160
11177
11298
11399
11440
11526
11549
11565
11664
11898
12090
12245
12375
12485
12509
12520
12693
12717
12778
12870
13050
13141
13177
13248
13304
13412
13445
13662
13712
13728
13796
13856
13918
13946
14095
14315
14319
14723
14812
14852
14857
14953
15071
15662
15899
16002
16016
16035
16353
16607
16761
17453
17586
18179
18676
19210
19699
19748
19785
19793
19921
20284
20720
20804
21447
21552
22687
24576
24917
25111
25595
25685
25781
25981
26051
27221
27828
28627
31321
31903
31974
34379
34645
