50
50
52
52
53
53
54
55
55
55
56
56
57
57
57
60
61
62
63
63
64
66
66
67
67
67
68
68
68
68
68
69
70
70
70
71
71
71
71
72
73
75
75
75
75
76
76
77
80
83
83
84
86
86
87
88
90
90
90
91
91
93
93
96
97
98
99
100
100
100
101
102
102
104
105
106
106
107
107
107
107
107
109
109
109
109
109
111
112
112
112
115
116
120
121
122
122
123
123
123
124
124
125
125
125
125
126
126
129
129
130
131
134
134
134
136
136
138
138
139
140
141
142
142
143
144
146
146
146
148
150
150
153
156
156
157
159
159
161
162
162
164
165
166
167
169
170
171
172
174
174
175
175
175
176
178
179
189
191
193
195
196
197
198
199
200
200
200
200
203
203
203
206
207
210
212
212
217
217
217
219
220
220
221
222
223
228
228
229
229
230
230
230
232
233
233
235
236
239
242
245
246
248
253
254
254
255
255
258
258
259
262
262
263
263
264
265
266
267
269
271
272
278
279
279
279
280
282
283
283
284
284
285
287
289
289
290
291
291
293
294
294
294
296
296
296
297
297
298
299
299
300
302
302
303
304
305
306
307
308
309
311
311
314
315
317
318
320
320
322
324
325
326
327
327
328
329
331
335
337
338
340
342
342
343
344
344
346
346
346
347
348
349
350
357
357
358
358
360
361
361
361
362
363
363
364
365
365
367
369
373
373
375
376
377
379
379
380
382
382
382
382
382
384
386
386
388
388
389
392
392
395
396
397
399
402
402
402
402
403
407
408
412
412
413
413
413
415
416
416
416
417
417
417
418
419
421
425
426
427
428
431
433
434
435
435
437
438
440
441
441
443
446
447
450
453
453
453
455
456
458
458
460
464
464
465
466
468
468
469
470
472
472
472
473
474
474
476
478
482
482
482
484
485
485
486
488
488
488
489
490
491
491
492
493
493
495
496
497
498
502
503
504
505
507
507
508
509
510
510
512
512
512
514
517
519
521
521
521
526
526
527
527
529
530
532
532
532
533
534
535
535
535
537
543
544
545
547
547
554
554
554
555
555
555
555
557
557
557
559
559
564
567
568
570
570
572
575
576
576
576
576
577
578
578
578
578
579
581
582
583
584
584
585
585
589
589
590
591
591
593
596
599
601
602
603
603
603
604
607
607
609
611
612
614
614
615
617
618
619
619
619
621
624
625
627
628
628
629
631
631
631
634
636
638
638
639
640
640
642
643
643
645
645
646
649
649
651
652
653
657
658
660
661
661
664
665
665
665
670
670
670
670
671
672
673
674
675
675
676
679
679
680
680
681
681
683
684
684
686
686
686
687
688
689
690
691
691
691
694
695
696
696
701
704
704
704
705
705
705
707
708
709
709
711
718
720
722
723
725
725
725
726
726
728
728
729
731
731
733
733
733
733
734
734
734
735
736
738
740
741
743
743
745
745
746
746
746
747
751
752
754
754
756
757
764
764
766
767
767
768
770
770
770
770
770
773
775
776
777
778
778
779
779
781
782
785
787
787
787
789
790
792
793
793
793
796
797
797
799
800
802
803
806
806
807
807
811
813
815
816
816
817
819
820
821
822
822
824
825
826
827
827
828
828
829
833
834
836
838
840
841
842
842
844
845
847
848
849
850
852
852
854
854
855
855
856
856
857
861
861
863
864
866
866
866
871
878
879
880
880
880
880
882
882
883
883
885
885
888
888
888
888
891
891
892
893
899
899
901
903
903
903
903
905
905
906
906
906
909
909
909
912
913
914
918
919
920
924
928
929
931
933
933
933
934
935
936
937
938
942
942
945
946
947
948
948
949
950
952
954
957
957
958
960
962
966
969
969
971
974
974
974
975
976
977
977
977
984
986
987
989
990
990
990
991
991
992
992
995
995
995
997
997
998
1003
1004
1005
1005
1006
1012
1014
1016
1017
1017
1019
1020
1023
1024
1024
1025
1025
1025
1027
1028
1028
1029
1032
1032
1032
1033
1034
1035
1035
1036
1038
1038
1039
1041
1042
1042
1043
1043
1043
1045
1046
1048
1051
1051
1051
1052
1056
1058
1059
1059
1059
1062
1063
1063
1063
1063
1063
1064
1064
1066
1066
1068
1069
1072
1073
1073
1075
1078
1078
1079
1079
1084
1085
1087
1088
1090
1090
1091
1091
1093
1095
1100
1100
1101
1103
1103
1103
1104
1105
1106
1109
1110
1111
1112
1112
1113
1113
1115
1116
1117
1118
1118
1120
1123
1124
1127
1127
1127
1128
1130
1132
1133
1134
1134
1135
1135
1135
1137
1139
1139
1141
1142
1142
1142
1145
1145
1146
1146
1147
1147
1149
1149
1149
1152
1154
1157
1158
1159
1160
1161
1163
1164
1165
1165
1166
1168
1169
1170
1172
1173
1175
1176
1176
1178
1178
1179
1179
1181
1182
1184
1184
1185
1185
1185
1185
1186
1186
1187
1188
1188
1191
1191
1193
1195
1198
1202
1206
1211
1212
1212
1214
1215
1217
1217
1218
1220
1227
1227
1228
1229
1232
1232
1234
1235
1235
1237
1238
1239
1241
1247
1247
1248
1250
1253
1253
1253
1253
1254
1254
1255
1258
1259
1262
1262
1262
1264
1265
1267
1271
1272
1276
1276
1276
1278
1279
1282
1283
1284
1284
1286
1289
1290
1294
1298
1300
1301
1301
1301
1301
1301
1302
1302
1302
1303
1306
1307
1307
1308
1308
1310
1313
1313
1314
1315
1316
1319
1319
1320
1322
1322
1322
1329
1329
1329
1333
1334
1339
1341
1343
1343
1343
1345
1346
1347
1347
1347
1348
1353
1355
1356
1356
1357
1361
1362
1365
1367
1371
1373
1376
1376
1377
1378
1378
1383
1385
1388
1391
1391
1394
1397
1399
1400
1403
1403
1404
1405
1406
1406
1407
1409
1411
1417
1422
1429
1431
1437
1440
1441
1442
1443
1446
1447
1447
1449
1453
1456
1456
1457
1457
1459
1465
1468
1469
1471
1473
1473
1474
1475
1476
1477
1478
1480
1481
1486
1486
1491
1491
1492
1493
1497
1497
1500
1502
1507
1508
1511
1513
1517
1518
1519
1520
1522
1522
1525
1528
1529
1529
1531
1533
1534
1534
1536
1537
1539
1541
1544
1545
1547
1550
1554
1555
1559
1562
1563
1565
1568
1569
1570
1573
1574
1574
1576
1581
1583
1583
1587
1588
1589
1590
1593
1599
1601
1601
1601
1604
1604
1607
1609
1610
1612
1614
1616
1619
1620
1622
1623
1624
1624
1629
1630
1631
1634
1635
1637
1643
1653
1653
1653
1654
1655
1665
1667
1669
1669
1669
1669
1670
1670
1670
1671
1677
1677
1677
1677
1680
1685
1686
1691
1692
1694
1694
1699
1703
1706
1706
1709
1710
1711
1711
1713
1715
1715
1718
1721
1723
1724
1724
1724
1725
1732
1734
1735
1736
1738
1739
1739
1744
1751
1754
1754
1755
1756
1759
1759
1760
1766
1766
1772
1773
1776
1776
1777
1779
1781
1786
1788
1796
1807
1808
1808
1808
1817
1818
1819
1823
1824
1824
1826
1830
1835
1839
1839
1840
1847
1851
1853
1855
1856
1859
1862
1868
1869
1872
1874
1875
1875
1877
1880
1883
1883
1884
1887
1889
1894
1897
1897
1900
1903
1904
1904
1906
1907
1907
1910
1912
1918
1918
1921
1924
1928
1935
1936
1938
1942
1949
1949
1952
1953
1960
1962
1963
1964
1965
1965
1966
1968
1970
1971
1978
1981
1982
1983
1985
1990
1991
1991
1992
1994
2001
2003
2007
2007
2010
2011
2013
2014
2015
2025
2026
2031
2034
2036
2038
2043
2047
2050
2052
2055
2055
2055
2059
2060
2064
2064
2067
2068
2069
2072
2076
2076
2082
2084
2086
2096
2101
2111
2113
2119
2126
2128
2128
2131
2135
2137
2139
2142
2143
2143
2144
2146
2146
2151
2153
2158
2162
2165
2166
2174
2178
2179
2183
2195
2201
2201
2202
2206
2208
2212
2214
2222
2222
2224
2225
2227
2229
2233
2234
2235
2236
2244
2246
2248
2248
2249
2251
2252
2256
2257
2259
2265
2265
2266
2267
2267
2268
2268
2269
2270
2271
2277
2277
2282
2284
2290
2305
2310
2311
2311
2313
2316
2319
2321
2328
2331
2338
2341
2342
2346
2350
2354
2354
2354
2361
2363
2365
2366
2369
2372
2373
2374
2376
2377
2378
2379
2379
2380
2380
2388
2389
2392
2394
2402
2408
2414
2417
2417
2421
2423
2425
2431
2432
2433
2434
2435
2440
2454
2461
2463
2465
2469
2473
2474
2482
2486
2488
2490
2490
2490
2492
2499
2499
2503
2507
2507
2508
2510
2511
2512
2513
2517
2524
2528
2529
2529
2529
2535
2537
2537
2537
2543
2544
2546
2547
2550
2550
2552
2556
2561
2566
2574
2578
2578
2580
2584
2586
2587
2587
2590
2600
2609
2610
2610
2612
2614
2614
2615
2615
2618
2622
2623
2627
2632
2635
2637
2640
2641
2644
2645
2649
2651
2656
2659
2662
2667
2669
2670
2675
2679
2683
2684
2685
2691
2692
2698
2702
2704
2705
2712
2714
2718
2720
2727
2727
2738
2738
2739
2752
2760
2782
2785
2790
2792
2801
2803
2809
2810
2816
2817
2817
2819
2822
2824
2826
2831
2835
2837
2839
2842
2842
2848
2849
2854
2868
2880
2883
2883
2883
2885
2886
2892
2893
2899
2901
2906
2908
2926
2934
2935
2938
2941
2943
2960
2962
2966
2975
2976
2976
2976
2981
2992
2997
3004
3007
3008
3009
3011
3011
3016
3024
3026
3032
3033
3035
3037
3038
3039
3041
3042
3044
3071
3072
3075
3078
3088
3089
3090
3093
3097
3102
3112
3113
3116
3118
3119
3120
3120
3122
3122
3135
3141
3144
3153
3154
3154
3154
3166
3167
3170
3172
3173
3175
3186
3188
3189
3200
3210
3210
3215
3216
3217
3221
3225
3229
3232
3235
3237
3237
3238
3240
3252
3260
3262
3265
3266
3266
3272
3273
3278
3280
3283
3285
3285
3285
3286
3286
3287
3295
3302
3311
3313
3314
3324
3327
3333
3338
3347
3359
3363
3363
3369
3375
3378
3383
3396
3399
3403
3412
3413
3414
3428
3441
3443
3448
3451
3452
3454
3457
3463
3466
3473
3474
3491
3499
3504
3505
3506
3508
3520
3520
3525
3526
3529
3530
3532
3539
3540
3557
3564
3565
3566
3571
3572
3577
3586
3592
3596
3596
3601
3601
3604
3612
3614
3615
3615
3628
3631
3635
3644
3645
3646
3653
3658
3659
3660
3663
3663
3665
3677
3684
3685
3693
3693
3698
3703
3710
3710
3712
3713
3716
3724
3728
3733
3751
3752
3755
3757
3764
3764
3771
3787
3796
3797
3799
3802
3813
3825
3837
3839
3839
3846
3848
3848
3850
3852
3873
3873
3874
3879
3884
3884
3887
3893
3896
3909
3914
3917
3920
3928
3930
3930
3933
3947
3951
3952
3955
3960
3967
3972
3975
3976
3981
3983
3988
3989
3993
4000
4013
4021
4021
4026
4031
4031
4032
4032
4035
4038
4048
4056
4058
4060
4061
4066
4067
4069
4075
4084
4086
4090
4096
4100
4107
4109
4121
4121
4123
4123
4129
4136
4139
4155
4157
4159
4164
4169
4174
4174
4184
4194
4205
4207
4210
4211
4214
4262
4264
4264
4265
4266
4273
4275
4281
4290
4296
4300
4300
4321
4325
4326
4328
4333
4343
4353
4357
4361
4366
4384
4385
4387
4387
4396
4396
4402
4413
4416
4417
4428
4432
4433
4444
4446
4449
4459
4460
4481
4482
4484
4493
4495
4496
4498
4510
4512
4521
4525
4532
4536
4555
4561
4568
4572
4574
4581
4588
4590
4591
4592
4598
4605
4606
4615
4633
4636
4640
4646
4651
4652
4662
4664
4667
4679
4694
4706
4708
4715
4734
4744
4748
4749
4751
4754
4756
4760
4760
4769
4791
4795
4796
4798
4804
4810
4817
4819
4822
4825
4828
4829
4830
4841
4857
4859
4885
4889
4897
4903
4913
4917
4920
4931
4931
4935
4935
4944
4944
4946
4946
4951
4954
4955
4959
4971
4972
4974
4981
4998
5008
5013
5016
5022
5025
5030
5031
5032
5043
5048
5054
5057
5062
5063
5065
5072
5078
5084
5086
5088
5092
5096
5101
5104
5116
5119
5123
5126
5126
5127
5128
5147
5162
5169
5169
5176
5176
5184
5187
5217
5223
5225
5230
5235
5239
5246
5249
5251
5265
5271
5273
5283
5287
5288
5304
5304
5307
5328
5334
5336
5336
5351
5366
5371
5384
5394
5408
5411
5420
5424
5425
5425
5445
5474
5478
5481
5493
5500
5500
5512
5514
5518
5521
5521
5524
5525
5527
5527
5532
5532
5534
5535
5553
5553
5564
5564
5600
5604
5608
5619
5627
5653
5679
5715
5715
5723
5723
5725
5727
5739
5743
5743
5747
5749
5754
5763
5776
5777
5777
5790
5791
5791
5800
5803
5813
5817
5826
5829
5831
5836
5841
5846
5851
5859
5862
5867
5870
5870
5883
5895
5899
5904
5913
5916
5916
5917
5921
5925
5926
5928
5939
5944
5956
5960
5970
5972
5975
5983
5984
5996
5998
6003
6004
6011
6013
6015
6016
6024
6038
6040
6044
6062
6081
6088
6089
6093
6093
6097
6103
6103
6103
6109
6116
6119
6125
6136
6138
6140
6140
6148
6151
6151
6161
6171
6187
6200
6203
6209
6211
6221
6234
6252
6253
6253
6257
6272
6279
6279
6281
6281
6284
6288
6290
6304
6304
6304
6304
6311
6316
6317
6324
6327
6347
6349
6359
6370
6374
6391
6404
6409
6409
6412
6423
6432
6438
6454
6455
6457
6467
6467
6480
6491
6494
6511
6511
6517
6518
6522
6543
6562
6565
6567
6577
6592
6595
6595
6604
6620
6624
6625
6631
6633
6644
6646
6647
6650
6653
6653
6656
6666
6673
6676
6702
6712
6721
6729
6743
6745
6763
6766
6766
6801
6817
6841
6849
6855
6863
6864
6867
6876
6877
6880
6886
6892
6893
6895
6897
6903
6928
6929
6931
6931
6943
6952
6953
6956
6968
6969
6977
6981
6999
7000
7004
7010
7010
7011
7014
7015
7018
7018
7024
7036
7076
7076
7079
7087
7087
7095
7107
7118
7123
7127
7138
7158
7173
7181
7191
7195
7195
7204
7208
7269
7290
7290
7292
7292
7315
7321
7352
7355
7359
7368
7372
7373
7394
7394
7396
7409
7413
7416
7417
7422
7446
7458
7480
7484
7484
7496
7496
7540
7555
7563
7568
7578
7595
7596
7612
7620
7637
7646
7648
7666
7701
7717
7726
7728
7749
7753
7771
7780
7799
7802
7804
7810
7831
7858
7872
7878
7901
7902
7904
7904
7908
7914
7915
7920
7924
7934
7935
7937
7952
7954
7960
7973
7977
8010
8013
8014
8014
8040
8042
8049
8060
8076
8088
8089
8093
8093
8094
8125
8127
8135
8139
8144
8145
8154
8155
8162
8167
8174
8177
8180
8217
8228
8236
8242
8257
8271
8294
8303
8304
8314
8314
8314
8314
8323
8325
8329
8330
8330
8339
8363
8384
8386
8394
8411
8419
8445
8450
8455
8476
8483
8492
8498
8510
8523
8524
8540
8549
8575
8575
8581
8583
8588
8594
8615
8616
8630
8640
8643
8644
8655
8658
8662
8663
8680
8686
8695
8696
8714
8716
8717
8738
8741
8749
8783
8787
8818
8835
8836
8838
8839
8862
8862
8868
8868
8877
8887
8893
8903
8916
8930
8936
8949
8966
8967
8969
8979
8989
9004
9021
9024
9027
9028
9045
9051
9054
9063
9070
9075
9076
9088
9098
9106
9109
9132
9141
9147
9157
9161
9173
9174
9180
9181
9196
9197
9204
9233
9238
9245
9260
9302
9313
9340
9343
9369
9402
9438
9465
9466
9492
9493
9506
9514
9516
9528
9547
9555
9561
9584
9586
9603
9608
9615
9654
9663
9686
9687
9704
9704
9705
9709
9735
9735
9742
9743
9755
9797
9798
9798
9806
9818
9819
9827
9828
9838
9875
9877
9885
9896
9902
9909
9939
9957
9986
9988
10020
10023
10033
10050
10061
10074
10094
10103
10143
10159
10163
10169
10236
10246
10249
10274
10275
10275
10291
10303
10317
10323
10325
10348
10355
10356
10382
10413
10422
10457
10464
10471
10481
10487
10505
10505
10520
10524
10534
10536
10555
10555
10579
10614
10618
10622
10654
10664
10667
10667
10672
10710
10713
10725
10794
10800
10801
10809
10864
10893
10922
10943
10979
10986
10998
11002
11046
11048
11056
11058
11060
11086
11089
11210
11261
11262
11272
11278
11278
11292
11312
11314
11348
11356
11368
11396
11409
11423
11429
11451
11514
11524
11551
11574
11577
11595
11616
11663
11666
11667
11674
11738
11738
11762
11775
11783
11797
11823
11840
11843
11847
11851
11857
11890
11911
11918
11924
11950
11969
11976
11984
12011
12031
12033
12065
12071
12170
12174
12178
12240
12244
12264
12267
12269
12272
12274
12279
12288
12297
12307
12319
12320
12320
12323
12339
12350
12371
12382
12389
12420
12441
12490
12498
12506
12512
12523
12548
12550
12582
12593
12629
12646
12674
12693
12704
12707
12720
12736
12771
12812
12830
12836
12839
12860
12860
12864
12877
12898
12912
12927
12930
12972
12988
13022
13023
13025
13028
13039
13057
13080
13091
13092
13110
13127
13160
13166
13181
13218
13239
13254
13254
13266
13309
13316
13376
13390
13390
13434
13437
13464
13485
13495
13499
13551
13561
13564
13582
13629
13649
13655
13739
13743
13746
13750
13789
13837
13868
13870
13870
13887
13903
13949
13999
14025
14045
14051
14061
14098
14111
14132
14139
14141
14143
14149
14182
14187
14193
14195
14204
14212
14213
14214
14244
14326
14326
14342
14346
14370
14372
14421
14447
14454
14456
14475
14482
14517
14579
14586
14610
14642
14705
14724
14766
14767
14778
14784
14787
14830
14871
14913
14919
14933
14980
15015
15019
15046
15065
15113
15115
15130
15144
15148
15176
15179
15202
15208
15216
15223
15323
15361
15390
15404
15422
15489
15505
15508
15553
15568
15620
15624
15625
15654
15744
15744
15747
15791
15833
15881
15926
15938
15949
15991
16006
16023
16046
16050
16073
16089
16099
16125
16207
16222
16235
16246
16296
16324
16353
16416
16432
16440
16472
16487
16553
16588
16595
16637
16659
16709
16715
16721
16728
16749
16800
16834
16900
16965
16978
16998
17022
17033
17075
17121
17139
17168
17175
17181
17257
17268
17268
17315
17360
17369
17422
17448
17473
17547
17560
17568
17605
17634
17689
17715
17728
17795
17801
17845
17863
17887
17892
17896
17928
17961
17972
17975
17987
18075
18108
18151
18186
18189
18226
18229
18261
18265
18290
18328
18413
18432
18444
18495
18542
18580
18614
18665
18705
18713
18766
18899
18937
19015
19021
19036
19044
19052
19092
19138
19139
19184
19193
19329
19378
19381
19486
19492
19619
19620
19639
19654
19686
19687
19698
19698
19740
19740
19798
19885
19972
20127
20154
20155
20185
20230
20245
20282
20311
20312
20322
20358
20457
20521
20610
20640
20707
20725
20759
20768
20775
20784
20810
20851
20872
20929
20955
21058
21063
21075
21092
21107
21172
21182
21212
21279
21291
21382
21472
21509
21643
21724
21732
21770
21806
21807
21845
21861
21873
21875
21890
21938
21955
21981
22033
22172
22227
22245
22411
22452
22457
22477
22501
22509
22631
22666
22683
22761
22799
22851
22851
22863
22920
22954
23001
23082
23100
23214
23238
23332
23352
23391
23426
23445
23496
23506
23567
23604
23615
23745
23765
23873
24112
24209
24252
24576
24616
24714
24749
24816
24883
24948
25073
25097
25137
25163
25526
25544
25585
25638
25685
25687
25959
26118
26194
26222
26310
26321
26322
26402
26554
26677
26707
26711
26730
26955
27110
27118
27218
27308
27411
27469
27499
27507
27621
27630
27753
27760
27870
27895
28101
28108
28223
28245
28279
28380
28448
28453
28554
28584
28609
28640
28688
28720
28750
28797
28932
29021
29044
29410
29464
29505
29534
29547
29575
29630
29633
29878
30036
30077
30106
30128
30201
30230
30244
30325
30899
30977
30991
30997
31045
31208
31479
31489
31593
31598
31629
31674
31894
32005
32047
32122
32137
32204
32320
32621
32626
32665
32724
32735
32796
32809
32833
32840
32971
33025
33088
33106
33186
33188
33267
33479
33680
34172
34182
34254
34488
34498
34550
34811
34873
34972
35100
35712
35809
35858
35897
35906
35955
36463
36636
36808
36909
36935
37390
37455
37808
37864
37920
37939
37941
38383
38483
38520
38606
39153
39613
39782
39789
39859
39997
40103
40174
40422
40698
40842
41040
41152
41677
42202
42275
42289
42362
42397
42626
42676
42710
42841
42895
42920
43323
43805
43978
44141
44598
44634
44995
45007
45057
45105
45571
45966
45977
46059
46387
46425
46438
46578
46712
46978
48124
48359
48890
48931
49706
50255
50456
50582
50647
50742
50958
51447
52626
52933
53282
53292
53894
54412
55353
55361
56113
56450
56530
56561
58013
61052
61114
61576
62081
62358
62659
62660
63077
63555
63761
64064
64122
64201
64552
64583
65069
65433
65493
68276
68398
68936
70301
71576
71753
72819
72850
73691
74139
75779
79727
81120
82235
83394
83471
84706
84908
86914
87821
88473
89227
89967
92038
92200
92226
94815
95818
97084
99761
100329
105850
106445
107121
108800
110370
112849
113334
117377
118389
122601
124994
125718
130350
131279
137739
140292
140894
145836
153485
156326
156329
158878
163056
176503
178475
179692
180069
187570
189850
190253
194975
203681
237539
255469
279653
287191
348196
377399
388351
